sim_time	behavior_0leg_0	behavior_0leg_1	behavior_0leg_2	behavior_0leg_3	behavior_0leg_4	behavior_0leg_5	behavior_1leg_0	behavior_1leg_1	behavior_1leg_2	behavior_1leg_3	behavior_1leg_4	behavior_1leg_5	behavior_2leg_0	behavior_2leg_1	behavior_2leg_2	behavior_2leg_3	behavior_2leg_4	behavior_2leg_5	behavior_3leg_0	behavior_3leg_1	behavior_3leg_2	behavior_3leg_3	behavior_3leg_4	behavior_3leg_5	behavior_4leg_0	behavior_4leg_1	behavior_4leg_2	behavior_4leg_3	behavior_4leg_4	behavior_4leg_5	behavior_5leg_0	behavior_5leg_1	behavior_5leg_2	behavior_5leg_3	behavior_5leg_4	behavior_5leg_5	behavior_6leg_0	behavior_6leg_1	behavior_6leg_2	behavior_6leg_3	behavior_6leg_4	behavior_6leg_5	behavior_7leg_0	behavior_7leg_1	behavior_7leg_2	behavior_7leg_3	behavior_7leg_4	behavior_7leg_5	behavior_8leg_0	behavior_8leg_1	behavior_8leg_2	behavior_8leg_3	behavior_8leg_4	behavior_8leg_5	
0	0	0	0	0	0	0	0	0	0	0	0	0	0	0	0	0	0	0	0	0	0	0	0	0	0	0	0	0	0	0	0	0	0	0	0	0	0	0	0	0	0	0	1	1	1	1	1	1	0	0	0	0	0	0	
0	0	0	0	0	0	0	0	0	0	0	0	0	0	0	0	0	0	0	0	0	0	0	0	0	0	0	0	0	0	0	0	0	0	0	0	0	0	0	0	0	0	0	1	1	1	1	1	1	0	0	0	0	0	0	
0	0	0	0	0	0	0	0	0	0	0	0	0	0	0	0	0	0	0	0	0	0	0	0	0	0	0	0	0	0	0	0	0	0	0	0	0	0	0	0	0	0	0	1	1	1	1	1	1	0	0	0	0	0	0	
0	0	0	0	0	0	0	0	0	0	0	0	0	0	0	0	0	0	0	0	0	0	0	0	0	0	0	0	0	0	0	0	0	0	0	0	0	0	0	0	0	0	0	1	1	1	1	1	1	0	0	0	0	0	0	
0	0	0	0	0	0	0	0	0	0	0	0	0	0	0	0	0	0	0	0	0	0	0	0	0	0	0	0	0	0	0	0	0	0	0	0	0	0	0	0	0	0	0	1	1	1	1	1	1	0	0	0	0	0	0	
0	0	0	0	0	0	0	0	0	0	0	0	0	0	0	0	0	0	0	0	0	0	0	0	0	0	0	0	0	0	0	0	0	0	0	0	0	0	0	0	0	0	0	1	1	1	1	1	1	0	0	0	0	0	0	
0	0	0	0	0	0	0	0	0	0	0	0	0	0	0	0	0	0	0	0	0	0	0	0	0	0	0	0	0	0	0	0	0	0	0	0	0	0	0	0	0	0	0	1	1	1	1	1	1	0	0	0	0	0	0	
0	0	0	0	0	0	0	0	0	0	0	0	0	0	0	0	0	0	0	0	0	0	0	0	0	0	0	0	0	0	0	0	0	0	0	0	0	0	0	0	0	0	0	1	1	1	1	1	1	0	0	0	0	0	0	
0	0	0	0	0	0	0	0	0	0	0	0	0	0	0	0	0	0	0	0	0	0	0	0	0	0	0	0	0	0	0	0	0	0	0	0	0	0	0	0	0	0	0	1	1	1	1	1	1	0	0	0	0	0	0	
0	0	0	0	0	0	0	0	0	0	0	0	0	0	0	0	0	0	0	0	0	0	0	0	0	0	0	0	0	0	0	0	0	0	0	0	0	0	0	0	0	0	0	1	1	1	1	1	1	0	0	0	0	0	0	
0	0	0	0	0	0	0	0	0	0	0	0	0	0	0	0	0	0	0	0	0	0	0	0	0	0	0	0	0	0	0	0	0	0	0	0	0	0	0	0	0	0	0	1	1	1	1	1	1	0	0	0	0	0	0	
0	0	0	0	0	0	0	0	0	0	0	0	0	0	0	0	0	0	0	0	0	0	0	0	0	0	0	0	0	0	0	0	0	0	0	0	0	0	0	0	0	0	0	1	1	1	1	1	1	0	0	0	0	0	0	
0.1837	0	0	0	0	0	0	0	0	0	0	0	0	0	0	0	0.000572698	0.000572698	0.000572698	0	0	0	0	0	0	0	0	0	0	0	0	0	0	0	0	0	0	0	0	0	0	0	0	1	1	1	1	1	1	0	0	0	0	0	0	
0.2004	0	0	0	0	0	0	0	0	0	0	0	0	0	0	0	0.00112249	0.00112249	0.00112249	0	0	0	0	0	0	0	0	0	0	0	0	0	0	0	0	0	0	0	0	0	0	0	0	1	1	1	1	1	1	0	0	0	0	0	0	
0.2171	0	0	0	0	0	0	0	0	0	0	0	0	0	0	0	0.00165029	0.00165029	0.00165029	0	0	0	0	0	0	0	0	0	0	0	0	0	0	0	0	0	0	0	0	0	0	0	0	1	1	1	1	1	1	0	0	0	0	0	0	
0.2338	0	0	0	0	0	0	0	0	0	0	0	0	0	0	0	0.00215697	0.00215697	0.00215697	0	0	0	0	0	0	0	0	0	0	0	0	0	0	0	0	0	0	0	0	0	0	0	0	1	1	1	1	1	1	0	0	0	0	0	0	
0.2505	0	0	0	0	0	0	0	0	0	0	0	0	0	0	0	0.00264339	0.00264339	0.00264339	0	0	0	0	0	0	0	0	0	0	0	0	0	0	0	0	0	0	0	0	0	0	0	0	1	1	1	1	1	1	0	0	0	0	0	0	
0.2672	0	0	0	0	0	0	0	0	0	0	0	0	0	0	0	0.00311035	0.00311035	0.00311035	0	0	0	0	0	0	0	0	0	0	0	0	0	0	0	0	0	0	0	0	0	0	0	0	1	1	1	1	1	1	0	0	0	0	0	0	
0.2839	0	0	0	0	0	0	0	0	0	0	0	0	0	0	0	0.00355864	0.00355864	0.00355864	0	0	0	0	0	0	0	0	0	0	0	0	0	0	0	0	0	0	0	0	0	0	0	0	1	1	1	1	1	1	0	0	0	0	0	0	
0.3006	0	0	0	0	0	0	0	0	0	0	0	0	0	0	0	0.00398899	0.00398899	0.00398899	0	0	0	0	0	0	0	0	0	0	0	0	0	0	0	0	0	0	0	0	0	0	0	0	1	1	1	1	1	1	0	0	0	0	0	0	
0.3173	0	0	0	0	0	0	0	0	0	0	0	0	0	0	0	0.00440213	0.00440213	0.00440213	0	0	0	0	0	0	0	0	0	0	0	0	0	0	0	0	0	0	0	0	0	0	0	0	1	1	1	1	1	1	0	0	0	0	0	0	
0.334	0	0	0	0	0	0	0	0	0	0	0	0	0	0	0	0.00479874	0.00479874	0.00479874	0	0	0	0	0	0	0	0	0	0	0	0	0	0	0	0	0	0	0	0	0	0	0	0	1	1	1	1	1	1	0	0	0	0	0	0	
0.3507	0	0	0	0	0	0	0	0	0	0	0	0	0	0	0	0.00517949	0.00517949	0.00517949	0	0	0	0	0	0	0	0	0	0	0	0	0	0	0	0	0	0	0	0	0	0	0	0	1	1	1	1	1	1	0	0	0	0	0	0	
0.3674	0	0	0	0	0	0	0	0	0	0	0	0	0	0	0	0.00554501	0.00554501	0.00554501	0	0	0	0	0	0	0	0	0	0	0	0	0	0	0	0	0	0	0	0	0	0	0	0	1	1	1	1	1	1	0	0	0	0	0	0	
0.3841	0	0	0	0	0	0	0	0	0	0	0	0	0	0	0	0.00589591	0.00589591	0.00589591	0	0	0	0	0	0	0	0	0	0	0	0	0	0	0	0	0	0	0	0	0	0	0	0	1	1	1	1	1	1	0	0	0	0	0	0	
0.4008	0	0	0	0	0	0	0	0	0	0	0	0	0	0	0	0.00623277	0.00623277	0.00623277	0	0	0	0	0	0	0	0	0	0	0	0	0	0	0	0	0	0	0	0	0	0	0	0	1	1	1	1	1	1	0	0	0	0	0	0	
0.4175	0	0	0	0	0	0	0	0	0	0	0	0	0	0	0	0.00655616	0.00655616	0.00655616	0	0	0	0	0	0	0	0	0	0	0	0	0	0	0	0	0	0	0	0	0	0	0	0	1	1	1	1	1	1	0	0	0	0	0	0	
0.4342	0	0	0	0	0	0	0	0	0	0	0	0	0	0	0	0.00686661	0.00686661	0.00686661	0	0	0	0	0	0	0	0	0	0	0	0	0	0	0	0	0	0	0	0	0	0	0	0	1	1	1	1	1	1	0	0	0	0	0	0	
0.4509	0	0	0	0	0	0	0	0	0	0	0	0	0	0	0	0.00716464	0.00716464	0.00716464	0	0	0	0	0	0	0	0	0	0	0	0	0	0	0	0	0	0	0	0	0	0	0	0	1	1	1	1	1	1	0	0	0	0	0	0	
0.4676	0	0	0	0	0	0	0	0	0	0	0	0	0	0	0	0.00745075	0.00745075	0.00745075	0	0	0	0	0	0	0	0	0	0	0	0	0	0	0	0	0	0	0	0	0	0	0	0	1	1	1	1	1	1	0	0	0	0	0	0	
0.4843	0	0	0	0	0	0	0	0	0	0	0	0	0	0	0	0.00772542	0.00772542	0.00772542	0	0	0	0	0	0	0	0	0	0	0	0	0	0	0	0	0	0	0	0	0	0	0	0	1	1	1	1	1	1	0	0	0	0	0	0	
0.501	0	0	0	0	0	0	0	0	0	0	0	0	0	0	0	0.0079891	0.0079891	0.0079891	0	0	0	0	0	0	0	0	0	0	0	0	0	0	0	0	0	0	0	0	0	0	0	0	1	1	1	1	1	1	0	0	0	0	0	0	
0.5177	0	0	0	0	0	0	0	0	0	0	0	0	0	0	0	0.00824224	0.00824224	0.00824224	0	0	0	0	0	0	0	0	0	0	0	0	0	0	0	0	0	0	0	0	0	0	0	0	1	1	1	1	1	1	0	0	0	0	0	0	
0.5344	0	0	0	0	0	0	0	0	0	0	0	0	0	0	0	0.00848524	0.00848524	0.00848524	0	0	0	0	0	0	0	0	0	0	0	0	0	0	0	0	0	0	0	0	0	0	0	0	1	1	1	1	1	1	0	0	0	0	0	0	
0.5511	0	0	0	0	0	0	0	0	0	0	0	0	0	0	0	0.00871853	0.00871853	0.00871853	0	0	0	0	0	0	0	0	0	0	0	0	0	0	0	0	0	0	0	0	0	0	0	0	1	1	1	1	1	1	0	0	0	0	0	0	
0.5678	0	0	0	0	0	0	0	0	0	0	0	0	0	0	0	0.00894249	0.00894249	0.00894249	0	0	0	0	0	0	0	0	0	0	0	0	0	0	0	0	0	0	0	0	0	0	0	0	1	1	1	1	1	1	0	0	0	0	0	0	
0.5845	0	0	0	0	0	0	0	0	0	0	0	0	0	0	0	0.00915749	0.00915749	0.00915749	0	0	0	0	0	0	0	0	0	0	0	0	0	0	0	0	0	0	0	0	0	0	0	0	1	1	1	1	1	1	0	0	0	0	0	0	
0.6012	0	0	0	0	0	0	0	0	0	0	0	0	0	0	0	0.00936389	0.00936389	0.00936389	0	0	0	0	0	0	0	0	0	0	0	0	0	0	0	0	0	0	0	0	0	0	0	0	1	1	1	1	1	1	0	0	0	0	0	0	
0.6179	0	0	0	0	0	0	0	0	0	0	0	0	0	0	0	0.00956203	0.00956203	0.00956203	0	0	0	0	0	0	0	0	0	0	0	0	0	0	0	0	0	0	0	0	0	0	0	0	1	1	1	1	1	1	0	0	0	0	0	0	
0.6346	0	0	0	0	0	0	0	0	0	0	0	0	0	0	0	0.00975225	0.00975225	0.00975225	0	0	0	0	0	0	0	0	0	0	0	0	0	0	0	0	0	0	0	0	0	0	0	0	1	1	1	1	1	1	0	0	0	0	0	0	
0.6513	0	0	0	0	0	0	0	0	0	0	0	0	0	0	0	0.00993485	0.00993485	0.00993485	0	0	0	0	0	0	0	0	0	0	0	0	0	0	0	0	0	0	0	0	0	0	0	0	1	1	1	1	1	1	0	0	0	0	0	0	
0.668	0	0	0	0	0	0	0	0	0	0	0	0	0	0	0	0.0101102	0.0101102	0.0101102	0	0	0	0	0	0	0	0	0	0	0	0	0	0	0	0	0	0	0	0	0	0	0	0	1	1	1	1	1	1	0	0	0	0	0	0	
0.6847	0	0	0	0	0	0	0	0	0	0	0	0	0	0	0	0.0102784	0.0102784	0.0102784	0	0	0	0	0	0	0	0	0	0	0	0	0	0	0	0	0	0	0	0	0	0	0	0	1	1	1	1	1	1	0	0	0	0	0	0	
0.7014	0	0	0	0	0	0	0	0	0	0	0	0	0	0	0	0.01044	0.01044	0.01044	0	0	0	0	0	0	0	0	0	0	0	0	0	0	0	0	0	0	0	0	0	0	0	0	1	1	1	1	1	1	0	0	0	0	0	0	
0.7181	0	0	0	0	0	0	0	0	0	0	0	0	0	0	0	0.0105951	0.0105951	0.0105951	0	0	0	0	0	0	0	0	0	0	0	0	0	0	0	0	0	0	0	0	0	0	0	0	1	1	1	1	1	1	0	0	0	0	0	0	
0.7348	0	0	0	0	0	0	0	0	0	0	0	0	0	0	0	0.010744	0.010744	0.010744	0	0	0	0	0	0	0	0	0	0	0	0	0	0	0	0	0	0	0	0	0	0	0	0	1	1	1	1	1	1	0	0	0	0	0	0	
0.7515	0	0	0	0	0	0	0	0	0	0	0	0	0	0	0	0.0108869	0.0108869	0.0108869	0	0	0	0	0	0	0	0	0	0	0	0	0	0	0	0	0	0	0	0	0	0	0	0	1	1	1	1	1	1	0	0	0	0	0	0	
0.7682	0	0	0	0	0	0	0	0	0	0	0	0	0	0	0	0.0110242	0.0110242	0.0110242	0	0	0	0	0	0	0	0	0	0	0	0	0	0	0	0	0	0	0	0	0	0	0	0	1	1	1	1	1	1	0	0	0	0	0	0	
0.7849	0	0	0	0	0	0	0	0	0	0	0	0	0	0	0	0.0111559	0.0111559	0.0111559	0	0	0	0	0	0	0	0	0	0	0	0	0	0	0	0	0	0	0	0	0	0	0	0	1	1	1	1	1	1	0	0	0	0	0	0	
0.8016	0	0	0	0	0	0	0	0	0	0	0	0	0	0	0	0.0112824	0.0112824	0.0112824	0	0	0	0	0	0	0	0	0	0	0	0	0	0	0	0	0	0	0	0	0	0	0	0	1	1	1	1	1	1	0	0	0	0	0	0	
0.8183	0	0	0	0	0	0	0	0	0	0	0	0	0	0	0	0.0114038	0.0114038	0.0114038	0	0	0	0	0	0	0	0	0	0	0	0	0	0	0	0	0	0	0	0	0	0	0	0	1	1	1	1	1	1	0	0	0	0	0	0	
0.835	0	0	0	0	0	0	0	0	0	0	0	0	0	0	0	0.0115203	0.0115203	0.0115203	0	0	0	0	0	0	0	0	0	0	0	0	0	0	0	0	0	0	0	0	0	0	0	0	1	1	1	1	1	1	0	0	0	0	0	0	
0.8517	0	0	0	0	0	0	0	0	0	0	0	0	0	0	0	0.0116322	0.0116322	0.0116322	0	0	0	0	0	0	0	0	0	0	0	0	0	0	0	0	0	0	0	0	0	0	0	0	1	1	1	1	1	1	0	0	0	0	0	0	
0.8684	0	0	0	0	0	0	0	0	0	0	0	0	0	0	0	0.0117396	0.0117396	0.0117396	0	0	0	0	0	0	0	0	0	0	0	0	0	0	0	0	0	0	0	0	0	0	0	0	1	1	1	1	1	1	0	0	0	0	0	0	
0.8851	0	0	0	0	0	0	0	0	0	0	0	0	0	0	0	0.0118427	0.0118427	0.0118427	0	0	0	0	0	0	0	0	0	0	0	0	0	0	0	0	0	0	0	0	0	0	0	0	1	1	1	1	1	1	0	0	0	0	0	0	
0.9018	0	0	0	0	0	0	0	0	0	0	0	0	0	0	0	0.0119417	0.0119417	0.0119417	0	0	0	0	0	0	0	0	0	0	0	0	0	0	0	0	0	0	0	0	0	0	0	0	1	1	1	1	1	1	0	0	0	0	0	0	
0.9185	0	0	0	0	0	0	0	0	0	0	0	0	0	0	0	0.0120367	0.0120367	0.0120367	0	0	0	0	0	0	0	0	0	0	0	0	0	0	0	0	0	0	0	0	0	0	0	0	1	1	1	1	1	1	0	0	0	0	0	0	
0.9352	0	0	0	0	0	0	0	0	0	0	0	0	0	0	0	0.012128	0.012128	0.012128	0	0	0	0	0	0	0	0	0	0	0	0	0	0	0	0	0	0	0	0	0	0	0	0	1	1	1	1	1	1	0	0	0	0	0	0	
0.9519	0	0	0	0	0	0	0	0	0	0	0	0	0	0	0	0.0122155	0.0122155	0.0122155	0	0	0	0	0	0	0	0	0	0	0	0	0	0	0	0	0	0	0	0	0	0	0	0	1	1	1	1	1	1	0	0	0	0	0	0	
0.9686	0	0	0	0	0	0	0	0	0	0	0	0	0	0	0	0.0122996	0.0122996	0.0122996	0	0	0	0	0	0	0	0	0	0	0	0	0	0	0	0	0	0	0	0	0	0	0	0	1	1	1	1	1	1	0	0	0	0	0	0	
0.9853	0	0	0	0	0	0	0	0	0	0	0	0	0	0	0	0.0123803	0.0123803	0.0123803	0	0	0	0	0	0	0	0	0	0	0	0	0	0	0	0	0	0	0	0	0	0	0	0	1	1	1	1	1	1	0	0	0	0	0	0	
1.002	0	0	0	0	0	0	0	0	0	0	0	0	0	0	0	0.0124578	0.0124578	0.0124578	0	0	0	0	0	0	0	0	0	0	0	0	0	0	0	0	0	0	0	0	0	0	0	0	1	1	1	1	1	1	0	0	0	0	0	0	
1.0187	0	0	0	0	0	0	0	0	0	0	0	0	0	0	0	0.0124268	0.0124268	0.0124268	0	0	0	0	0	0	0	0	0	0	0	0	0	0	0	0	0	0	0	0	0	0	0	0	1	1	1	1	1	1	0	0	0	0	0	0	
1.0354	0	0	0	0	0	0	0	0	0	0	0	0	0	0	0	0.011839	0.011839	0.011839	0	0	0	0	0	0	0	0	0	0	0	0	0	0	0	0	0	0	0	0	0	0	0	0	1	1	1	1	1	1	0	0	0	0	0	0	
1.0521	0	0	0	0	0	0	0	0	0	0	0	0	0	0	0	0.0106381	0.0106381	0.0106381	0	0	0	0	0	0	0	0	0	0	0	0	0	0	0	0	0	0	0	0	0	0	0	0	1	1	1	1	1	1	0	0	0	0	0	0	
1.0688	0	0	0	0	0	0	0	0	0	0	0	0	0	0	0	0.00944382	0.00944382	0.00944382	0	0	0	0	0	0	0	0	0	0	0	0	0	0	0	0	0	0	0	0	0	0	0	0	1	1	1	1	1	1	0	0	0	0	0	0	
1.0855	0	0	0	0	0	0	0	0	0	0	0	0	0	0	0	0.00765111	0.00765111	0.00765111	0	0	0	0	0	0	0	0	0	0	0	0	0	0	0	0	0	0	0	0	0	0	0	0	1	1	1	1	1	1	0	0	0	0	0	0	
1.1022	0	0	0	0	0	0	0	0	0	0	0	0	0	0	0	0.00517721	0.00517721	0.00517721	0	0	0	0	0	0	0	0	0	0	0	0	0	0	0	0	0	0	0	0	0	0	0	0	1	1	1	1	1	1	0	0	0	0	0	0	
1.1189	0	0	0	0	0	0	0	0	0	0	0	0	0	0	0	0.00228794	0.00228794	0.00228794	0	0	0	0	0	0	0	0	0	0	0	0	0	0	0	0	0	0	0	0	0	0	0	0	1	1	1	1	1	1	0	0	0	0	0	0	
1.1356	0	0	0	0	0	0	0	0	0	0	0	0	0.000663865	0.000663865	0.000663865	0	0	0	0	0	0	0	0	0	0	0	0	0	0	0	0	0	0	0	0	0	0	0	0	0	0	0	1	1	1	1	1	1	0	0	0	0	0	0	
1.1523	0	0	0	0	0	0	0	0	0	0	0	0	0.00361978	0.00361978	0.00361978	0	0	0	0	0	0	0	0	0	0	0	0	0	0	0	0	0	0	0	0	0	0	0	0	0	0	0	1	1	1	1	1	1	0	0	0	0	0	0	
1.169	0	0	0	0	0	0	0	0	0	0	0	0	0.00632745	0.00632745	0.00632745	0	0	0	0	0	0	0	0	0	0	0	0	0	0	0	0	0	0	0	0	0	0	0	0	0	0	0	1	1	1	1	1	1	0	0	0	0	0	0	
1.1857	0	0	0	0	0	0	0	0	0	0	0	0	0.00850884	0.00850884	0.00850884	0	0	0	0	0	0	0	0	0	0	0	0	0	0	0	0	0	0	0	0	0	0	0	0	0	0	0	1	1	1	1	1	1	0	0	0	0	0	0	
1.2024	0	0	0	0	0	0	0	0	0	0	0	0	0.00986229	0.00986229	0.00986229	0	0	0	0	0	0	0	0	0	0	0	0	0	0	0	0	0	0	0	0	0	0	0	0	0	0	0	1	1	1	1	1	1	0	0	0	0	0	0	
1.2191	0	0	0	0	0	0	0	0	0	0	0	0	0.0108541	0.0108541	0.0108541	0	0	0	0	0	0	0	0	0	0	0	0	0	0	0	0	0	0	0	0	0	0	0	0	0	0	0	1	1	1	1	1	1	0	0	0	0	0	0	
1.2358	0	0	0	0	0	0	0	0	0	0	0	0	0.0116652	0.0116652	0.0116652	0	0	0	0	0	0	0	0	0	0	0	0	0	0	0	0	0	0	0	0	0	0	0	0	0	0	0	1	1	1	1	1	1	0	0	0	0	0	0	
1.2525	0	0	0	0	0	0	0	0	0	0	0	0	0.0123309	0.0123309	0.0123309	0	0	0	0	0	0	0	0	0	0	0	0	0	0	0	0	0	0	0	0	0	0	0	0	0	0	0	1	1	1	1	1	1	0	0	0	0	0	0	
1.2692	0	0	0	0	0	0	0	0	0	0	0	0	0.012936	0.012936	0.012936	0	0	0	0	0	0	0	0	0	0	0	0	0	0	0	0	0	0	0	0	0	0	0	0	0	0	0	1	1	1	1	1	1	0	0	0	0	0	0	
1.2859	0	0	0	0	0	0	0	0	0	0	0	0	0.0134969	0.0134969	0.0134969	0	0	0	0	0	0	0	0	0	0	0	0	0	0	0	0	0	0	0	0	0	0	0	0	0	0	0	1	1	1	1	1	1	0	0	0	0	0	0	
1.3026	0	0	0	0	0	0	0	0	0	0	0	0	0.013834	0.013834	0.013834	0	0	0	0	0	0	0	0	0	0	0	0	0	0	0	0	0	0	0	0	0	0	0	0	0	0	0	1	1	1	1	1	1	0	0	0	0	0	0	
1.3193	0	0	0	0	0	0	0	0	0	0	0	0	0.0139506	0.0139506	0.0139506	0	0	0	0	0	0	0	0	0	0	0	0	0	0	0	0	0	0	0	0	0	0	0	0	0	0	0	1	1	1	1	1	1	0	0	0	0	0	0	
1.336	0	0	0	0	0	0	0	0	0	0	0	0	0.013914	0.013914	0.013914	0	0	0	0	0	0	0	0	0	0	0	0	0	0	0	0	0	0	0	0	0	0	0	0	0	0	0	1	1	1	1	1	1	0	0	0	0	0	0	
1.3527	0	0	0	0	0	0	0	0	0	0	0	0	0.0136116	0.0136116	0.0136116	0	0	0	0	0	0	0	0	0	0	0	0	0	0	0	0	0	0	0	0	0	0	0	0	0	0	0	1	1	1	1	1	1	0	0	0	0	0	0	
1.3694	0	0	0	0	0	0	0	0	0	0	0	0	0.0131477	0.0131477	0.0131477	0	0	0	0	0	0	0	0	0	0	0	0	0	0	0	0	0	0	0	0	0	0	0	0	0	0	0	1	1	1	1	1	1	0	0	0	0	0	0	
1.3861	0	0	0	0	0	0	0	0	0	0	0	0	0.0129242	0.0129242	0.0129242	0	0	0	0	0	0	0	0	0	0	0	0	0	0	0	0	0	0	0	0	0	0	0	0	0	0	0	1	1	1	1	1	1	0	0	0	0	0	0	
1.4028	0	0	0	0	0	0	0	0	0	0	0	0	0.0129026	0.0129026	0.0129026	0	0	0	0	0	0	0	0	0	0	0	0	0	0	0	0	0	0	0	0	0	0	0	0	0	0	0	1	1	1	1	1	1	0	0	0	0	0	0	
1.4195	0	0	0	0	0	0	0	0	0	0	0	0	0.0128475	0.0128475	0.0128475	0	0	0	0	0	0	0	0	0	0	0	0	0	0	0	0	0	0	0	0	0	0	0	0	0	0	0	1	1	1	1	1	1	0	0	0	0	0	0	
1.4362	0	0	0	0	0	0	0	0	0	0	0	0	0.0128501	0.0128501	0.0128501	0	0	0	0	0	0	0	0	0	0	0	0	0	0	0	0	0	0	0	0	0	0	0	0	0	0	0	1	1	1	1	1	1	0	0	0	0	0	0	
1.4529	0	0	0	0	0	0	0	0	0	0	0	0	0.0128224	0.0128224	0.0128224	0	0	0	0	0	0	0	0	0	0	0	0	0	0	0	0	0	0	0	0	0	0	0	0	0	0	0	1	1	1	1	1	1	0	0	0	0	0	0	
1.4696	0	0	0	0	0	0	0	0	0	0	0	0	0.0128803	0.0128803	0.0128803	0	0	0	0	0	0	0	0	0	0	0	0	0	0	0	0	0	0	0	0	0	0	0	0	0	0	0	1	1	1	1	1	1	0	0	0	0	0	0	
1.4863	0	0	0	0	0	0	0	0	0	0	0	0	0.0130681	0.0130681	0.0130681	0	0	0	0	0	0	0	0	0	0	0	0	0	0	0	0	0	0	0	0	0	0	0	0	0	0	0	1	1	1	1	1	1	0	0	0	0	0	0	
1.503	0	0	0	0	0	0	0	0	0	0	0	0	0.0133552	0.0133552	0.0133552	0	0	0	0	0	0	0	0	0	0	0	0	0	0	0	0	0	0	0	0	0	0	0	0	0	0	0	1	1	1	1	1	1	0	0	0	0	0	0	
1.5197	0	0	0	0	0	0	0	0	0	0	0	0	0.0138009	0.0138009	0.0138009	0	0	0	0	0	0	0	0	0	0	0	0	0	0	0	0	0	0	0	0	0	0	0	0	0	0	0	1	1	1	1	1	1	0	0	0	0	0	0	
1.5364	0	0	0	0	0	0	0	0	0	0	0	0	0.0143319	0.0143319	0.0143319	0	0	0	0	0	0	0	0	0	0	0	0	0	0	0	0	0	0	0	0	0	0	0	0	0	0	0	1	1	1	1	1	1	0	0	0	0	0	0	
1.5531	0	0	0	0	0	0	0	0	0	0	0	0	0.0148165	0.0148165	0.0148165	0	0	0	0	0	0	0	0	0	0	0	0	0	0	0	0	0	0	0	0	0	0	0	0	0	0	0	1	1	1	1	1	1	0	0	0	0	0	0	
1.5698	0	0	0	0	0	0	0	0	0	0	0	0	0.0153099	0.0153099	0.0153099	0	0	0	0	0	0	0	0	0	0	0	0	0	0	0	0	0	0	0	0	0	0	0	0	0	0	0	1	1	1	1	1	1	0	0	0	0	0	0	
1.5865	0	0	0	0	0	0	0	0	0	0	0	0	0.0157878	0.0157878	0.0157878	0	0	0	0	0	0	0	0	0	0	0	0	0	0	0	0	0	0	0	0	0	0	0	0	0	0	0	1	1	1	1	1	1	0	0	0	0	0	0	
1.6032	0	0	0	0	0	0	0	0	0	0	0	0	0.016223	0.016223	0.016223	0	0	0	0	0	0	0	0	0	0	0	0	0	0	0	0	0	0	0	0	0	0	0	0	0	0	0	1	1	1	1	1	1	0	0	0	0	0	0	
1.6199	0	0	0	0	0	0	0	0	0	0	0	0	0.0166542	0.0166542	0.0166542	0	0	0	0	0	0	0	0	0	0	0	0	0	0	0	0	0	0	0	0	0	0	0	0	0	0	0	1	1	1	1	1	1	0	0	0	0	0	0	
1.6366	0	0	0	0	0	0	0	0	0	0	0	0	0.0171358	0.0171358	0.0171358	0	0	0	0	0	0	0	0	0	0	0	0	0	0	0	0	0	0	0	0	0	0	0	0	0	0	0	1	1	1	1	1	1	0	0	0	0	0	0	
1.6533	0	0	0	0	0	0	0	0	0	0	0	0	0.017723	0.017723	0.017723	0	0	0	0	0	0	0	0	0	0	0	0	0	0	0	0	0	0	0	0	0	0	0	0	0	0	0	1	1	1	1	1	1	0	0	0	0	0	0	
1.67	0	0	0	0	0	0	0	0	0	0	0	0	0.0183736	0.0183736	0.0183736	0	0	0	0	0	0	0	0	0	0	0	0	0	0	0	0	0	0	0	0	0	0	0	0	0	0	0	1	1	1	1	1	1	0	0	0	0	0	0	
1.6867	0	0	0	0	0	0	0	0	0	0	0	0	0.0189578	0.0189578	0.0189578	0	0	0	0	0	0	0	0	0	0	0	0	0	0	0	0	0	0	0	0	0	0	0	0	0	0	0	1	1	1	1	1	1	0	0	0	0	0	0	
1.7034	0	0	0	0	0	0	0	0	0	0	0	0	0.0196141	0.0196141	0.0196141	0	0	0	0	0	0	0	0	0	0	0	0	0	0	0	0	0	0	0	0	0	0	0	0	0	0	0	1	1	1	1	1	1	0	0	0	0	0	0	
1.7201	0	0	0	0	0	0	0	0	0	0	0	0	0.020386	0.020386	0.020386	0	0	0	0	0	0	0	0	0	0	0	0	0	0	0	0	0	0	0	0	0	0	0	0	0	0	0	1	1	1	1	1	1	0	0	0	0	0	0	
1.7368	0	0	0	0	0	0	0	0	0	0	0	0	0.0212205	0.0212205	0.0212205	0	0	0	0	0	0	0	0	0	0	0	0	0	0	0	0	0	0	0	0	0	0	0	0	0	0	0	1	1	1	1	1	1	0	0	0	0	0	0	
1.7535	0	0	0	0	0	0	0	0	0	0	0	0	0.0220978	0.0220978	0.0220978	0	0	0	0	0	0	0	0	0	0	0	0	0	0	0	0	0	0	0	0	0	0	0	0	0	0	0	1	1	1	1	1	1	0	0	0	0	0	0	
1.7702	0	0	0	0	0	0	0	0	0	0	0	0	0.0229447	0.0229447	0.0229447	0	0	0	0	0	0	0	0	0	0	0	0	0	0	0	0	0	0	0	0	0	0	0	0	0	0	0	1	1	1	1	1	1	0	0	0	0	0	0	
1.7869	0	0	0	0	0	0	0	0	0	0	0	0	0.0237119	0.0237119	0.0237119	0	0	0	0	0	0	0	0	0	0	0	0	0	0	0	0	0	0	0	0	0	0	0	0	0	0	0	1	1	1	1	1	1	0	0	0	0	0	0	
1.8036	0	0	0	0	0	0	0	0	0	0	0	0	0.023994	0.023994	0.023994	0	0	0	0	0	0	0	0	0	0	0	0	0	0	0	0	0	0	0	0	0	0	0	0	0	0	0	1	1	1	1	1	1	0	0	0	0	0	0	
1.8203	0	0	0	0	0	0	0	0	0	0	0	0	0.0233471	0.0233471	0.0233471	0	0	0	0	0	0	0	0	0	0	0	0	0	0	0	0	0	0	0	0	0	0	0	0	0	0	0	1	1	1	1	1	1	0	0	0	0	0	0	
1.837	0	0	0	0	0	0	0	0	0	0	0	0	0.0218088	0.0218088	0.0218088	0	0	0	0	0	0	0	0	0	0	0	0	0	0	0	0	0	0	0	0	0	0	0	0	0	0	0	1	1	1	1	1	1	0	0	0	0	0	0	
1.8537	0	0	0	0	0	0	0	0	0	0	0	0	0.0197426	0.0197426	0.0197426	0	0	0	0	0	0	0	0	0	0	0	0	0	0	0	0	0	0	0	0	0	0	0	0	0	0	0	1	1	1	1	1	1	0	0	0	0	0	0	
1.8704	0	0	0	0	0	0	0	0	0	0	0	0	0.0173749	0.0173749	0.0173749	0	0	0	0	0	0	0	0	0	0	0	0	0	0	0	0	0	0	0	0	0	0	0	0	0	0	0	1	1	1	1	1	1	0	0	0	0	0	0	
1.8871	0	0	0	0	0	0	0	0	0	0	0	0	0.0151591	0.0151591	0.0151591	0	0	0	0	0	0	0	0	0	0	0	0	0	0	0	0	0	0	0	0	0	0	0	0	0	0	0	1	1	1	1	1	1	0	0	0	0	0	0	
1.9038	0	0	0	0	0	0	0	0	0	0	0	0	0.0131445	0.0131445	0.0131445	0	0	0	0	0	0	0	0	0	0	0	0	0	0	0	0	0	0	0	0	0	0	0	0	0	0	0	1	1	1	1	1	1	0	0	0	0	0	0	
1.9205	0	0	0	0	0	0	0	0	0	0	0	0	0.0114404	0.0114404	0.0114404	0	0	0	0	0	0	0	0	0	0	0	0	0	0	0	0	0	0	0	0	0	0	0	0	0	0	0	1	1	1	1	1	1	0	0	0	0	0	0	
1.9372	0	0	0	0	0	0	0	0	0	0	0	0	0.00998316	0.00998316	0.00998316	0	0	0	0	0	0	0	0	0	0	0	0	0	0	0	0	0	0	0	0	0	0	0	0	0	0	0	1	1	1	1	1	1	0	0	0	0	0	0	
1.9539	0	0	0	0	0	0	0	0	0	0	0	0	0.00865164	0.00865164	0.00865164	0	0	0	0	0	0	0	0	0	0	0	0	0	0	0	0	0	0	0	0	0	0	0	0	0	0	0	1	1	1	1	1	1	0	0	0	0	0	0	
1.9706	0	0	0	0	0	0	0	0	0	0	0	0	0.00749491	0.00749491	0.00749491	0	0	0	0	0	0	0	0	0	0	0	0	0	0	0	0	0	0	0	0	0	0	0	0	0	0	0	1	1	1	1	1	1	0	0	0	0	0	0	
1.9873	0	0	0	0	0	0	0	0	0	0	0	0	0.00625632	0.00625632	0.00625632	0	0	0	0	0	0	0	0	0	0	0	0	0	0	0	0	0	0	0	0	0	0	0	0	0	0	0	1	1	1	1	1	1	0	0	0	0	0	0	
2.004	0	0	0	0	0	0	0	0	0	0	0	0	0.00478954	0.00478954	0.00478954	0	0	0	0	0	0	0	0	0	0	0	0	0	0	0	0	0	0	0	0	0	0	0	0	0	0	0	1	1	1	1	1	1	0	0	0	0	0	0	
2.0207	0	0	0	0	0	0	0	0	0	0	0	0	0.00321225	0.00321225	0.00321225	0	0	0	0	0	0	0	0	0	0	0	0	0	0	0	0	0	0	0	0	0	0	0	0	0	0	0	1	1	1	1	1	1	0	0	0	0	0	0	
2.0374	0	0	0	0	0	0	0	0	0	0	0	0	0.00184424	0.00184424	0.00184424	0	0	0	0	0	0	0	0	0	0	0	0	0	0	0	0	0	0	0	0	0	0	0	0	0	0	0	1	1	1	1	1	1	0	0	0	0	0	0	
2.0541	0	0	0	0	0	0	0	0	0	0	0	0	0.000508848	0.000508848	0.000508848	0	0	0	0	0	0	0	0	0	0	0	0	0	0	0	0	0	0	0	0	0	0	0	0	0	0	0	1	1	1	1	1	1	0	0	0	0	0	0	
2.0708	0	0	0	0	0	0	0	0	0	0	0	0	0	0	0	0.000935755	0.000935755	0.000935755	0	0	0	0	0	0	0	0	0	0	0	0	0	0	0	0	0	0	0	0	0	0	0	0	1	1	1	1	1	1	0	0	0	0	0	0	
2.0875	0	0	0	0	0	0	0	0	0	0	0	0	0	0	0	0.00236112	0.00236112	0.00236112	0	0	0	0	0	0	0	0	0	0	0	0	0	0	0	0	0	0	0	0	0	0	0	0	1	1	1	1	1	1	0	0	0	0	0	0	
2.1042	0	0	0	0	0	0	0	0	0	0	0	0	0	0	0	0.00390523	0.00390523	0.00390523	0	0	0	0	0	0	0	0	0	0	0	0	0	0	0	0	0	0	0	0	0	0	0	0	1	1	1	1	1	1	0	0	0	0	0	0	
2.1209	0	0	0	0	0	0	0	0	0	0	0	0	0	0	0	0.00551742	0.00551742	0.00551742	0	0	0	0	0	0	0	0	0	0	0	0	0	0	0	0	0	0	0	0	0	0	0	0	1	1	1	1	1	1	0	0	0	0	0	0	
2.1376	0	0	0	0	0	0	0	0	0	0	0	0	0	0	0	0.0069261	0.0069261	0.0069261	0	0	0	0	0	0	0	0	0	0	0	0	0	0	0	0	0	0	0	0	0	0	0	0	1	1	1	1	1	1	0	0	0	0	0	0	
2.1543	0	0	0	0	0	0	0	0	0	0	0	0	0	0	0	0.00817229	0.00817229	0.00817229	0	0	0	0	0	0	0	0	0	0	0	0	0	0	0	0	0	0	0	0	0	0	0	0	1	1	1	1	1	1	0	0	0	0	0	0	
2.171	0	0	0	0	0	0	0	0	0	0	0	0	0	0	0	0.00926949	0.00926949	0.00926949	0	0	0	0	0	0	0	0	0	0	0	0	0	0	0	0	0	0	0	0	0	0	0	0	1	1	1	1	1	1	0	0	0	0	0	0	
2.1877	0	0	0	0	0	0	0	0	0	0	0	0	0	0	0	0.0103965	0.0103965	0.0103965	0	0	0	0	0	0	0	0	0	0	0	0	0	0	0	0	0	0	0	0	0	0	0	0	1	1	1	1	1	1	0	0	0	0	0	0	
2.2044	0	0	0	0	0	0	0	0	0	0	0	0	0	0	0	0.0116671	0.0116671	0.0116671	0	0	0	0	0	0	0	0	0	0	0	0	0	0	0	0	0	0	0	0	0	0	0	0	1	1	1	1	1	1	0	0	0	0	0	0	
2.2211	0	0	0	0	0	0	0	0	0	0	0	0	0	0	0	0.0130683	0.0130683	0.0130683	0	0	0	0	0	0	0	0	0	0	0	0	0	0	0	0	0	0	0	0	0	0	0	0	1	1	1	1	1	1	0	0	0	0	0	0	
2.2378	0	0	0	0	0	0	0	0	0	0	0	0	0	0	0	0.0146722	0.0146722	0.0146722	0	0	0	0	0	0	0	0	0	0	0	0	0	0	0	0	0	0	0	0	0	0	0	0	1	1	1	1	1	1	0	0	0	0	0	0	
2.2545	0	0	0	0	0	0	0	0	0	0	0	0	0	0	0	0.0164693	0.0164693	0.0164693	0	0	0	0	0	0	0	0	0	0	0	0	0	0	0	0	0	0	0	0	0	0	0	0	1	1	1	1	1	1	0	0	0	0	0	0	
2.2712	0	0	0	0	0	0	0	0	0	0	0	0	0	0	0	0.018446	0.018446	0.018446	0	0	0	0	0	0	0	0	0	0	0	0	0	0	0	0	0	0	0	0	0	0	0	0	1	1	1	1	1	1	0	0	0	0	0	0	
2.2879	0	0	0	0	0	0	0	0	0	0	0	0	0	0	0	0.020581	0.020581	0.020581	0	0	0	0	0	0	0	0	0	0	0	0	0	0	0	0	0	0	0	0	0	0	0	0	1	1	1	1	1	1	0	0	0	0	0	0	
2.3046	0	0	0	0	0	0	0	0	0	0	0	0	0	0	0	0.0228414	0.0228414	0.0228414	0	0	0	0	0	0	0	0	0	0	0	0	0	0	0	0	0	0	0	0	0	0	0	0	1	1	1	1	1	1	0	0	0	0	0	0	
2.3213	0	0	0	0	0	0	0	0	0	0	0	0	0	0	0	0.0252145	0.0252145	0.0252145	0	0	0	0	0	0	0	0	0	0	0	0	0	0	0	0	0	0	0	0	0	0	0	0	1	1	1	1	1	1	0	0	0	0	0	0	
2.338	0	0	0	0	0	0	0	0	0	0	0	0	0	0	0	0.0277133	0.0277133	0.0277133	0	0	0	0	0	0	0	0	0	0	0	0	0	0	0	0	0	0	0	0	0	0	0	0	1	1	1	1	1	1	0	0	0	0	0	0	
2.3547	0	0	0	0	0	0	0	0	0	0	0	0	0	0	0	0.0304139	0.0304139	0.0304139	0	0	0	0	0	0	0	0	0	0	0	0	0	0	0	0	0	0	0	0	0	0	0	0	1	1	1	1	1	1	0	0	0	0	0	0	
2.3714	0	0	0	0	0	0	0	0	0	0	0	0	0	0	0	0.0332743	0.0332743	0.0332743	0	0	0	0	0	0	0	0	0	0	0	0	0	0	0	0	0	0	0	0	0	0	0	0	1	1	1	1	1	1	0	0	0	0	0	0	
2.3881	0	0	0	0	0	0	0	0	0	0	0	0	0	0	0	0.0357429	0.0357429	0.0357429	0	0	0	0	0	0	0	0	0	0	0	0	0	0	0	0	0	0	0	0	0	0	0	0	1	1	1	1	1	1	0	0	0	0	0	0	
2.4048	0	0	0	0	0	0	0	0	0	0	0	0	0	0	0	0.0379768	0.0379768	0.0379768	0	0	0	0	0	0	0	0	0	0	0	0	0	0	0	0	0	0	0	0	0	0	0	0	1	1	1	1	1	1	0	0	0	0	0	0	
2.4215	0	0	0	0	0	0	0	0	0	0	0	0	0	0	0	0.0399659	0.0399659	0.0399659	0	0	0	0	0	0	0	0	0	0	0	0	0	0	0	0	0	0	0	0	0	0	0	0	1	1	1	1	1	1	0	0	0	0	0	0	
2.4382	0	0	0	0	0	0	0	0	0	0	0	0	0	0	0	0.0415906	0.0415906	0.0415906	0	0	0	0	0	0	0	0	0	0	0	0	0	0	0	0	0	0	0	0	0	0	0	0	1	1	1	1	1	1	0	0	0	0	0	0	
2.4549	0	0	0	0	0	0	0	0	0	0	0	0	0	0	0	0.0429964	0.0429964	0.0429964	0	0	0	0	0	0	0	0	0	0	0	0	0	0	0	0	0	0	0	0	0	0	0	0	1	1	1	1	1	1	0	0	0	0	0	0	
2.4716	0	0	0	0	0	0	0	0	0	0	0	0	0	0	0	0.0442974	0.0442974	0.0442974	0	0	0	0	0	0	0	0	0	0	0	0	0	0	0	0	0	0	0	0	0	0	0	0	1	1	1	1	1	1	0	0	0	0	0	0	
2.4883	0	0	0	0	0	0	0	0	0	0	0	0	0	0	0	0.0456132	0.0456132	0.0456132	0	0	0	0	0	0	0	0	0	0	0	0	0	0	0	0	0	0	0	0	0	0	0	0	1	1	1	1	1	1	0	0	0	0	0	0	
2.505	0	0	0	0	0	0	0	0	0	0	0	0	0	0	0	0.0470232	0.0470232	0.0470232	0	0	0	0	0	0	0	0	0	0	0	0	0	0	0	0	0	0	0	0	0	0	0	0	1	1	1	1	1	1	0	0	0	0	0	0	
2.5217	0	0	0	0	0	0	0	0	0	0	0	0	0	0	0	0.0485368	0.0485368	0.0485368	0	0	0	0	0	0	0	0	0	0	0	0	0	0	0	0	0	0	0	0	0	0	0	0	1	1	1	1	1	1	0	0	0	0	0	0	
2.5384	0	0	0	0	0	0	0	0	0	0	0	0	0	0	0	0.0501367	0.0501367	0.0501367	0	0	0	0	0	0	0	0	0	0	0	0	0	0	0	0	0	0	0	0	0	0	0	0	1	1	1	1	1	1	0	0	0	0	0	0	
2.5551	0	0	0	0	0	0	0	0	0	0	0	0	0	0	0	0.0518523	0.0518523	0.0518523	0	0	0	0	0	0	0	0	0	0	0	0	0	0	0	0	0	0	0	0	0	0	0	0	1	1	1	1	1	1	0	0	0	0	0	0	
2.5718	0	0	0	0	0	0	0	0	0	0	0	0	0	0	0	0.053689	0.053689	0.053689	0	0	0	0	0	0	0	0	0	0	0	0	0	0	0	0	0	0	0	0	0	0	0	0	1	1	1	1	1	1	0	0	0	0	0	0	
2.5885	0	0	0	0	0	0	0	0	0	0	0	0	0	0	0	0.0556272	0.0556272	0.0556272	0	0	0	0	0	0	0	0	0	0	0	0	0	0	0	0	0	0	0	0	0	0	0	0	1	1	1	1	1	1	0	0	0	0	0	0	
2.6052	0	0	0	0	0	0	0	0	0	0	0	0	0	0	0	0.0576453	0.0576453	0.0576453	0	0	0	0	0	0	0	0	0	0	0	0	0	0	0	0	0	0	0	0	0	0	0	0	1	1	1	1	1	1	0	0	0	0	0	0	
2.6219	0	0	0	0	0	0	0	0	0	0	0	0	0	0	0	0.0597123	0.0597123	0.0597123	0	0	0	0	0	0	0	0	0	0	0	0	0	0	0	0	0	0	0	0	0	0	0	0	1	1	1	1	1	1	0	0	0	0	0	0	
2.6386	0	0	0	0	0	0	0	0	0	0	0	0	0	0	0	0.0618184	0.0618184	0.0618184	0	0	0	0	0	0	0	0	0	0	0	0	0	0	0	0	0	0	0	0	0	0	0	0	1	1	1	1	1	1	0	0	0	0	0	0	
2.6553	0	0	0	0	0	0	0	0	0	0	0	0	0	0	0	0.0639329	0.0639329	0.0639329	0	0	0	0	0	0	0	0	0	0	0	0	0	0	0	0	0	0	0	0	0	0	0	0	1	1	1	1	1	1	0	0	0	0	0	0	
2.672	0	0	0	0	0	0	0	0	0	0	0	0	0	0	0	0.0659719	0.0659719	0.0659719	0	0	0	0	0	0	0	0	0	0	0	0	0	0	0	0	0	0	0	0	0	0	0	0	1	1	1	1	1	1	0	0	0	0	0	0	
2.6887	0	0	0	0	0	0	0	0	0	0	0	0	0	0	0	0.0678238	0.0678238	0.0678238	0	0	0	0	0	0	0	0	0	0	0	0	0	0	0	0	0	0	0	0	0	0	0	0	1	1	1	1	1	1	0	0	0	0	0	0	
2.7054	0	0	0	0	0	0	0	0	0	0	0	0	0	0	0	0.069558	0.069558	0.069558	0	0	0	0	0	0	0	0	0	0	0	0	0	0	0	0	0	0	0	0	0	0	0	0	1	1	1	1	1	1	0	0	0	0	0	0	
2.7221	0	0	0	0	0	0	0	0	0	0	0	0	0	0	0	0.0711178	0.0711178	0.0711178	0	0	0	0	0	0	0	0	0	0	0	0	0	0	0	0	0	0	0	0	0	0	0	0	1	1	1	1	1	1	0	0	0	0	0	0	
2.7388	0	0	0	0	0	0	0	0	0	0	0	0	0	0	0	0.0726246	0.0726246	0.0726246	0	0	0	0	0	0	0	0	0	0	0	0	0	0	0	0	0	0	0	0	0	0	0	0	1	1	1	1	1	1	0	0	0	0	0	0	
2.7555	0	0	0	0	0	0	0	0	0	0	0	0	0	0	0	0.0738079	0.0738079	0.0738079	0	0	0	0	0	0	0	0	0	0	0	0	0	0	0	0	0	0	0	0	0	0	0	0	1	1	1	1	1	1	0	0	0	0	0	0	
2.7722	0	0	0	0	0	0	0	0	0	0	0	0	0	0	0	0.0747953	0.0747953	0.0747953	0	0	0	0	0	0	0	0	0	0	0	0	0	0	0	0	0	0	0	0	0	0	0	0	1	1	1	1	1	1	0	0	0	0	0	0	
2.7889	0	0	0	0	0	0	0	0	0	0	0	0	0	0	0	0.0755732	0.0755732	0.0755732	0	0	0	0	0	0	0	0	0	0	0	0	0	0	0	0	0	0	0	0	0	0	0	0	1	1	1	1	1	1	0	0	0	0	0	0	
2.8056	0	0	0	0	0	0	0	0	0	0	0	0	0	0	0	0.076302	0.076302	0.076302	0	0	0	0	0	0	0	0	0	0	0	0	0	0	0	0	0	0	0	0	0	0	0	0	1	1	1	1	1	1	0	0	0	0	0	0	
2.8223	0	0	0	0	0	0	0	0	0	0	0	0	0	0	0	0.077086	0.077086	0.077086	0	0	0	0	0	0	0	0	0	0	0	0	0	0	0	0	0	0	0	0	0	0	0	0	1	1	1	1	1	1	0	0	0	0	0	0	
2.839	0	0	0	0	0	0	0	0	0	0	0	0	0	0	0	0.0780193	0.0780193	0.0780193	0	0	0	0	0	0	0	0	0	0	0	0	0	0	0	0	0	0	0	0	0	0	0	0	1	1	1	1	1	1	0	0	0	0	0	0	
2.8557	0	0	0	0	0	0	0	0	0	0	0	0	0	0	0	0.0790304	0.0790304	0.0790304	0	0	0	0	0	0	0	0	0	0	0	0	0	0	0	0	0	0	0	0	0	0	0	0	1	1	1	1	1	1	0	0	0	0	0	0	
2.8724	0	0	0	0	0	0	0	0	0	0	0	0	0	0	0	0.0796926	0.0796926	0.0796926	0	0	0	0	0	0	0	0	0	0	0	0	0	0	0	0	0	0	0	0	0	0	0	0	1	1	1	1	1	1	0	0	0	0	0	0	
2.8891	0	0	0	0	0	0	0	0	0	0	0	0	0	0	0	0.0803013	0.0803013	0.0803013	0	0	0	0	0	0	0	0	0	0	0	0	0	0	0	0	0	0	0	0	0	0	0	0	1	1	1	1	1	1	0	0	0	0	0	0	
2.9058	0	0	0	0	0	0	0	0	0	0	0	0	0	0	0	0.0804355	0.0804355	0.0804355	0	0	0	0	0	0	0	0	0	0	0	0	0	0	0	0	0	0	0	0	0	0	0	0	1	1	1	1	1	1	0	0	0	0	0	0	
2.9225	0	0	0	0	0	0	0	0	0	0	0	0	0	0	0	0.0799652	0.0799652	0.0799652	0	0	0	0	0	0	0	0	0	0	0	0	0	0	0	0	0	0	0	0	0	0	0	0	1	1	1	1	1	1	0	0	0	0	0	0	
2.9392	0	0	0	0	0	0	0	0	0	0	0	0	0	0	0	0.0789708	0.0789708	0.0789708	0	0	0	0	0	0	0	0	0	0	0	0	0	0	0	0	0	0	0	0	0	0	0	0	1	1	1	1	1	1	0	0	0	0	0	0	
2.9559	0	0	0	0	0	0	0	0	0	0	0	0	0	0	0	0.0775692	0.0775692	0.0775692	0	0	0	0	0	0	0	0	0	0	0	0	0	0	0	0	0	0	0	0	0	0	0	0	1	1	1	1	1	1	0	0	0	0	0	0	
2.9726	0	0	0	0	0	0	0	0	0	0	0	0	0	0	0	0.0761929	0.0761929	0.0761929	0	0	0	0	0	0	0	0	0	0	0	0	0	0	0	0	0	0	0	0	0	0	0	0	1	1	1	1	1	1	0	0	0	0	0	0	
2.9893	0	0	0	0	0	0	0	0	0	0	0	0	0	0	0	0.0748786	0.0748786	0.0748786	0	0	0	0	0	0	0	0	0	0	0	0	0	0	0	0	0	0	0	0	0	0	0	0	1	1	1	1	1	1	0	0	0	0	0	0	
3.006	0	0	0	0	0	0	0	0	0	0	0	0	0	0	0	0.0734209	0.0734209	0.0734209	0	0	0	0	0	0	0	0	0	0	0	0	0	0	0	0	0	0	0	0	0	0	0	0	1	1	1	1	1	1	0	0	0	0	0	0	
3.0227	0	0	0	0	0	0	0	0	0	0	0	0	0	0	0	0.0715311	0.0715311	0.0715311	0	0	0	0	0	0	0	0	0	0	0	0	0	0	0	0	0	0	0	0	0	0	0	0	1	1	1	1	1	1	0	0	0	0	0	0	
3.0394	0	0	0	0	0	0	0	0	0	0	0	0	0	0	0	0.0692449	0.0692449	0.0692449	0	0	0	0	0	0	0	0	0	0	0	0	0	0	0	0	0	0	0	0	0	0	0	0	1	1	1	1	1	1	0	0	0	0	0	0	
3.0561	0	0	0	0	0	0	0	0	0	0	0	0	0	0	0	0.0671464	0.0671464	0.0671464	0	0	0	0	0	0	0	0	0	0	0	0	0	0	0	0	0	0	0	0	0	0	0	0	1	1	1	1	1	1	0	0	0	0	0	0	
3.0728	0	0	0	0	0	0	0	0	0	0	0	0	0	0	0	0.0649174	0.0649174	0.0649174	0	0	0	0	0	0	0	0	0	0	0	0	0	0	0	0	0	0	0	0	0	0	0	0	1	1	1	1	1	1	0	0	0	0	0	0	
3.0895	0	0	0	0	0	0	0	0	0	0	0	0	0	0	0	0.0626292	0.0626292	0.0626292	0	0	0	0	0	0	0	0	0	0	0	0	0	0	0	0	0	0	0	0	0	0	0	0	1	1	1	1	1	1	0	0	0	0	0	0	
3.1062	0	0	0	0	0	0	0	0	0	0	0	0	0	0	0	0.0604834	0.0604834	0.0604834	0	0	0	0	0	0	0	0	0	0	0	0	0	0	0	0	0	0	0	0	0	0	0	0	1	1	1	1	1	1	0	0	0	0	0	0	
3.1229	0	0	0	0	0	0	0	0	0	0	0	0	0	0	0	0.0587531	0.0587531	0.0587531	0	0	0	0	0	0	0	0	0	0	0	0	0	0	0	0	0	0	0	0	0	0	0	0	1	1	1	1	1	1	0	0	0	0	0	0	
3.1396	0	0	0	0	0	0	0	0	0	0	0	0	0	0	0	0.0574181	0.0574181	0.0574181	0	0	0	0	0	0	0	0	0	0	0	0	0	0	0	0	0	0	0	0	0	0	0	0	1	1	1	1	1	1	0	0	0	0	0	0	
3.1563	0	0	0	0	0	0	0	0	0	0	0	0	0	0	0	0.0569486	0.0569486	0.0569486	0	0	0	0	0	0	0	0	0	0	0	0	0	0	0	0	0	0	0	0	0	0	0	0	1	1	1	1	1	1	0	0	0	0	0	0	
3.173	0	0	0	0	0	0	0	0	0	0	0	0	0	0	0	0.0572554	0.0572554	0.0572554	0	0	0	0	0	0	0	0	0	0	0	0	0	0	0	0	0	0	0	0	0	0	0	0	1	1	1	1	1	1	0	0	0	0	0	0	
3.1897	0	0	0	0	0	0	0	0	0	0	0	0	0	0	0	0.0583466	0.0583466	0.0583466	0	0	0	0	0	0	0	0	0	0	0	0	0	0	0	0	0	0	0	0	0	0	0	0	1	1	1	1	1	1	0	0	0	0	0	0	
3.2064	0	0	0	0	0	0	0	0	0	0	0	0	0	0	0	0.0599588	0.0599588	0.0599588	0	0	0	0	0	0	0	0	0	0	0	0	0	0	0	0	0	0	0	0	0	0	0	0	1	1	1	1	1	1	0	0	0	0	0	0	
3.2231	0	0	0	0	0	0	0	0	0	0	0	0	0	0	0	0.0620783	0.0620783	0.0620783	0	0	0	0	0	0	0	0	0	0	0	0	0	0	0	0	0	0	0	0	0	0	0	0	1	1	1	1	1	1	0	0	0	0	0	0	
3.2398	0	0	0	0	0	0	0	0	0	0	0	0	0	0	0	0.0643252	0.0643252	0.0643252	0	0	0	0	0	0	0	0	0	0	0	0	0	0	0	0	0	0	0	0	0	0	0	0	1	1	1	1	1	1	0	0	0	0	0	0	
3.2565	0	0	0	0	0	0	0	0	0	0	0	0	0	0	0	0.066616	0.066616	0.066616	0	0	0	0	0	0	0	0	0	0	0	0	0	0	0	0	0	0	0	0	0	0	0	0	1	1	1	1	1	1	0	0	0	0	0	0	
3.2732	0	0	0	0	0	0	0	0	0	0	0	0	0	0	0	0.0688211	0.0688211	0.0688211	0	0	0	0	0	0	0	0	0	0	0	0	0	0	0	0	0	0	0	0	0	0	0	0	1	1	1	1	1	1	0	0	0	0	0	0	
3.2899	0	0	0	0	0	0	0	0	0	0	0	0	0	0	0	0.0707768	0.0707768	0.0707768	0	0	0	0	0	0	0	0	0	0	0	0	0	0	0	0	0	0	0	0	0	0	0	0	1	1	1	1	1	1	0	0	0	0	0	0	
3.3066	0	0	0	0	0	0	0	0	0	0	0	0	0	0	0	0.0724566	0.0724566	0.0724566	0	0	0	0	0	0	0	0	0	0	0	0	0	0	0	0	0	0	0	0	0	0	0	0	1	1	1	1	1	1	0	0	0	0	0	0	
3.3233	0	0	0	0	0	0	0	0	0	0	0	0	0	0	0	0.0737844	0.0737844	0.0737844	0	0	0	0	0	0	0	0	0	0	0	0	0	0	0	0	0	0	0	0	0	0	0	0	1	1	1	1	1	1	0	0	0	0	0	0	
3.34	0	0	0	0	0	0	0	0	0	0	0	0	0	0	0	0.0746968	0.0746968	0.0746968	0	0	0	0	0	0	0	0	0	0	0	0	0	0	0	0	0	0	0	0	0	0	0	0	1	1	1	1	1	1	0	0	0	0	0	0	
3.3567	0	0	0	0	0	0	0	0	0	0	0	0	0	0	0	0.0751805	0.0751805	0.0751805	0	0	0	0	0	0	0	0	0	0	0	0	0	0	0	0	0	0	0	0	0	0	0	0	1	1	1	1	1	1	0	0	0	0	0	0	
3.3734	0	0	0	0	0	0	0	0	0	0	0	0	0	0	0	0.0750015	0.0750015	0.0750015	0	0	0	0	0	0	0	0	0	0	0	0	0	0	0	0	0	0	0	0	0	0	0	0	1	1	1	1	1	1	0	0	0	0	0	0	
3.3901	0	0	0	0	0	0	0	0	0	0	0	0	0	0	0	0.0742811	0.0742811	0.0742811	0	0	0	0	0	0	0	0	0	0	0	0	0	0	0	0	0	0	0	0	0	0	0	0	1	1	1	1	1	1	0	0	0	0	0	0	
3.4068	0	0	0	0	0	0	0	0	0	0	0	0	0	0	0	0.0730581	0.0730581	0.0730581	0	0	0	0	0	0	0	0	0	0	0	0	0	0	0	0	0	0	0	0	0	0	0	0	1	1	1	1	1	1	0	0	0	0	0	0	
3.4235	0	0	0	0	0	0	0	0	0	0	0	0	0	0	0	0.0713329	0.0713329	0.0713329	0	0	0	0	0	0	0	0	0	0	0	0	0	0	0	0	0	0	0	0	0	0	0	0	1	1	1	1	1	1	0	0	0	0	0	0	
3.4402	0	0	0	0	0	0	0	0	0	0	0	0	0	0	0	0.0691326	0.0691326	0.0691326	0	0	0	0	0	0	0	0	0	0	0	0	0	0	0	0	0	0	0	0	0	0	0	0	1	1	1	1	1	1	0	0	0	0	0	0	
3.4569	0	0	0	0	0	0	0	0	0	0	0	0	0	0	0	0.0663994	0.0663994	0.0663994	0	0	0	0	0	0	0	0	0	0	0	0	0	0	0	0	0	0	0	0	0	0	0	0	1	1	1	1	1	1	0	0	0	0	0	0	
3.4736	0	0	0	0	0	0	0	0	0	0	0	0	0	0	0	0.0631077	0.0631077	0.0631077	0	0	0	0	0	0	0	0	0	0	0	0	0	0	0	0	0	0	0	0	0	0	0	0	1	1	1	1	1	1	0	0	0	0	0	0	
3.4903	0	0	0	0	0	0	0	0	0	0	0	0	0	0	0	0.0591982	0.0591982	0.0591982	0	0	0	0	0	0	0	0	0	0	0	0	0	0	0	0	0	0	0	0	0	0	0	0	1	1	1	1	1	1	0	0	0	0	0	0	
3.507	0	0	0	0	0	0	0	0	0	0	0	0	0	0	0	0.0549626	0.0549626	0.0549626	0	0	0	0	0	0	0	0	0	0	0	0	0	0	0	0	0	0	0	0	0	0	0	0	1	1	1	1	1	1	0	0	0	0	0	0	
3.5237	0	0	0	0	0	0	0	0	0	0	0	0	0	0	0	0.0504734	0.0504734	0.0504734	0	0	0	0	0	0	0	0	0	0	0	0	0	0	0	0	0	0	0	0	0	0	0	0	1	1	1	1	1	1	0	0	0	0	0	0	
3.5404	0	0	0	0	0	0	0	0	0	0	0	0	0	0	0	0.0457185	0.0457185	0.0457185	0	0	0	0	0	0	0	0	0	0	0	0	0	0	0	0	0	0	0	0	0	0	0	0	1	1	1	1	1	1	0	0	0	0	0	0	
3.5571	0	0	0	0	0	0	0	0	0	0	0	0	0	0	0	0.0406202	0.0406202	0.0406202	0	0	0	0	0	0	0	0	0	0	0	0	0	0	0	0	0	0	0	0	0	0	0	0	1	1	1	1	1	1	0	0	0	0	0	0	
3.5738	0	0	0	0	0	0	0	0	0	0	0	0	0	0	0	0.0352973	0.0352973	0.0352973	0	0	0	0	0	0	0	0	0	0	0	0	0	0	0	0	0	0	0	0	0	0	0	0	1	1	1	1	1	1	0	0	0	0	0	0	
3.5905	0	0	0	0	0	0	0	0	0	0	0	0	0	0	0	0.0297795	0.0297795	0.0297795	0	0	0	0	0	0	0	0	0	0	0	0	0	0	0	0	0	0	0	0	0	0	0	0	1	1	1	1	1	1	0	0	0	0	0	0	
3.6072	0	0	0	0	0	0	0	0	0	0	0	0	0	0	0	0.0243381	0.0243381	0.0243381	0	0	0	0	0	0	0	0	0	0	0	0	0	0	0	0	0	0	0	0	0	0	0	0	1	1	1	1	1	1	0	0	0	0	0	0	
3.6239	0	0	0	0	0	0	0	0	0	0	0	0	0	0	0	0.018978	0.018978	0.018978	0	0	0	0	0	0	0	0	0	0	0	0	0	0	0	0	0	0	0	0	0	0	0	0	1	1	1	1	1	1	0	0	0	0	0	0	
3.6406	0	0	0	0	0	0	0	0	0	0	0	0	0	0	0	0.0136654	0.0136654	0.0136654	0	0	0	0	0	0	0	0	0	0	0	0	0	0	0	0	0	0	0	0	0	0	0	0	1	1	1	1	1	1	0	0	0	0	0	0	
3.6573	0	0	0	0	0	0	0	0	0	0	0	0	0	0	0	0.00836102	0.00836102	0.00836102	0	0	0	0	0	0	0	0	0	0	0	0	0	0	0	0	0	0	0	0	0	0	0	0	1	1	1	1	1	1	0	0	0	0	0	0	
3.674	0	0	0	0	0	0	0	0	0	0	0	0	0	0	0	0.00317044	0.00317044	0.00317044	0	0	0	0	0	0	0	0	0	0	0	0	0	0	0	0	0	0	0	0	0	0	0	0	1	1	1	1	1	1	0	0	0	0	0	0	
3.6907	0	0	0	0	0	0	0	0	0	0	0	0	0.00178913	0.00178913	0.00178913	0	0	0	0	0	0	0	0	0	0	0	0	0	0	0	0	0	0	0	0	0	0	0	0	0	0	0	1	1	1	1	1	1	0	0	0	0	0	0	
3.7074	0	0	0	0	0	0	0	0	0	0	0	0	0.00663847	0.00663847	0.00663847	0	0	0	0	0	0	0	0	0	0	0	0	0	0	0	0	0	0	0	0	0	0	0	0	0	0	0	1	1	1	1	1	1	0	0	0	0	0	0	
3.7241	0	0	0	0	0	0	0	0	0	0	0	0	0.0113847	0.0113847	0.0113847	0	0	0	0	0	0	0	0	0	0	0	0	0	0	0	0	0	0	0	0	0	0	0	0	0	0	0	1	1	1	1	1	1	0	0	0	0	0	0	
3.7408	0	0	0	0	0	0	0	0	0	0	0	0	0.0159192	0.0159192	0.0159192	0	0	0	0	0	0	0	0	0	0	0	0	0	0	0	0	0	0	0	0	0	0	0	0	0	0	0	1	1	1	1	1	1	0	0	0	0	0	0	
3.7575	0	0	0	0	0	0	0	0	0	0	0	0	0.0201448	0.0201448	0.0201448	0	0	0	0	0	0	0	0	0	0	0	0	0	0	0	0	0	0	0	0	0	0	0	0	0	0	0	1	1	1	1	1	1	0	0	0	0	0	0	
3.7742	0	0	0	0	0	0	0	0	0	0	0	0	0.0241948	0.0241948	0.0241948	0	0	0	0	0	0	0	0	0	0	0	0	0	0	0	0	0	0	0	0	0	0	0	0	0	0	0	1	1	1	1	1	1	0	0	0	0	0	0	
3.7909	0	0	0	0	0	0	0	0	0	0	0	0	0.028273	0.028273	0.028273	0	0	0	0	0	0	0	0	0	0	0	0	0	0	0	0	0	0	0	0	0	0	0	0	0	0	0	1	1	1	1	1	1	0	0	0	0	0	0	
3.8076	0	0	0	0	0	0	0	0	0	0	0	0	0.0320875	0.0320875	0.0320875	0	0	0	0	0	0	0	0	0	0	0	0	0	0	0	0	0	0	0	0	0	0	0	0	0	0	0	1	1	1	1	1	1	0	0	0	0	0	0	
3.8243	0	0	0	0	0	0	0	0	0	0	0	0	0.0357811	0.0357811	0.0357811	0	0	0	0	0	0	0	0	0	0	0	0	0	0	0	0	0	0	0	0	0	0	0	0	0	0	0	1	1	1	1	1	1	0	0	0	0	0	0	
3.841	0	0	0	0	0	0	0	0	0	0	0	0	0.0391447	0.0391447	0.0391447	0	0	0	0	0	0	0	0	0	0	0	0	0	0	0	0	0	0	0	0	0	0	0	0	0	0	0	1	1	1	1	1	1	0	0	0	0	0	0	
3.8577	0	0	0	0	0	0	0	0	0	0	0	0	0.0421311	0.0421311	0.0421311	0	0	0	0	0	0	0	0	0	0	0	0	0	0	0	0	0	0	0	0	0	0	0	0	0	0	0	1	1	1	1	1	1	0	0	0	0	0	0	
3.8744	0	0	0	0	0	0	0	0	0	0	0	0	0.0451399	0.0451399	0.0451399	0	0	0	0	0	0	0	0	0	0	0	0	0	0	0	0	0	0	0	0	0	0	0	0	0	0	0	1	1	1	1	1	1	0	0	0	0	0	0	
3.8911	0	0	0	0	0	0	0	0	0	0	0	0	0.0479065	0.0479065	0.0479065	0	0	0	0	0	0	0	0	0	0	0	0	0	0	0	0	0	0	0	0	0	0	0	0	0	0	0	1	1	1	1	1	1	0	0	0	0	0	0	
3.9078	0	0	0	0	0	0	0	0	0	0	0	0	0.0502059	0.0502059	0.0502059	0	0	0	0	0	0	0	0	0	0	0	0	0	0	0	0	0	0	0	0	0	0	0	0	0	0	0	1	1	1	1	1	1	0	0	0	0	0	0	
3.9245	0	0	0	0	0	0	0	0	0	0	0	0	0.0519065	0.0519065	0.0519065	0	0	0	0	0	0	0	0	0	0	0	0	0	0	0	0	0	0	0	0	0	0	0	0	0	0	0	1	1	1	1	1	1	0	0	0	0	0	0	
3.9412	0	0	0	0	0	0	0	0	0	0	0	0	0.0532335	0.0532335	0.0532335	0	0	0	0	0	0	0	0	0	0	0	0	0	0	0	0	0	0	0	0	0	0	0	0	0	0	0	1	1	1	1	1	1	0	0	0	0	0	0	
3.9579	0	0	0	0	0	0	0	0	0	0	0	0	0.0546327	0.0546327	0.0546327	0	0	0	0	0	0	0	0	0	0	0	0	0	0	0	0	0	0	0	0	0	0	0	0	0	0	0	1	1	1	1	1	1	0	0	0	0	0	0	
3.9746	0	0	0	0	0	0	0	0	0	0	0	0	0.0561129	0.0561129	0.0561129	0	0	0	0	0	0	0	0	0	0	0	0	0	0	0	0	0	0	0	0	0	0	0	0	0	0	0	1	1	1	1	1	1	0	0	0	0	0	0	
3.9913	0	0	0	0	0	0	0	0	0	0	0	0	0.0575407	0.0575407	0.0575407	0	0	0	0	0	0	0	0	0	0	0	0	0	0	0	0	0	0	0	0	0	0	0	0	0	0	0	1	1	1	1	1	1	0	0	0	0	0	0	
4.008	0	0	0	0	0	0	0	0	0	0	0	0	0.0587834	0.0587834	0.0587834	0	0	0	0	0	0	0	0	0	0	0	0	0	0	0	0	0	0	0	0	0	0	0	0	0	0	0	1	1	1	1	1	1	0	0	0	0	0	0	
4.0247	0	0	0	0	0	0	0	0	0	0	0	0	0.0597802	0.0597802	0.0597802	0	0	0	0	0	0	0	0	0	0	0	0	0	0	0	0	0	0	0	0	0	0	0	0	0	0	0	1	1	1	1	1	1	0	0	0	0	0	0	
4.0414	0	0	0	0	0	0	0	0	0	0	0	0	0.0606451	0.0606451	0.0606451	0	0	0	0	0	0	0	0	0	0	0	0	0	0	0	0	0	0	0	0	0	0	0	0	0	0	0	1	1	1	1	1	1	0	0	0	0	0	0	
4.0581	0	0	0	0	0	0	0	0	0	0	0	0	0.0611242	0.0611242	0.0611242	0	0	0	0	0	0	0	0	0	0	0	0	0	0	0	0	0	0	0	0	0	0	0	0	0	0	0	1	1	1	1	1	1	0	0	0	0	0	0	
4.0748	0	0	0	0	0	0	0	0	0	0	0	0	0.0608642	0.0608642	0.0608642	0	0	0	0	0	0	0	0	0	0	0	0	0	0	0	0	0	0	0	0	0	0	0	0	0	0	0	1	1	1	1	1	1	0	0	0	0	0	0	
4.0915	0	0	0	0	0	0	0	0	0	0	0	0	0.060691	0.060691	0.060691	0	0	0	0	0	0	0	0	0	0	0	0	0	0	0	0	0	0	0	0	0	0	0	0	0	0	0	1	1	1	1	1	1	0	0	0	0	0	0	
4.1082	0	0	0	0	0	0	0	0	0	0	0	0	0.0602828	0.0602828	0.0602828	0	0	0	0	0	0	0	0	0	0	0	0	0	0	0	0	0	0	0	0	0	0	0	0	0	0	0	1	1	1	1	1	1	0	0	0	0	0	0	
4.1249	0	0	0	0	0	0	0	0	0	0	0	0	0.0594921	0.0594921	0.0594921	0	0	0	0	0	0	0	0	0	0	0	0	0	0	0	0	0	0	0	0	0	0	0	0	0	0	0	1	1	1	1	1	1	0	0	0	0	0	0	
4.1416	0	0	0	0	0	0	0	0	0	0	0	0	0.0585661	0.0585661	0.0585661	0	0	0	0	0	0	0	0	0	0	0	0	0	0	0	0	0	0	0	0	0	0	0	0	0	0	0	1	1	1	1	1	1	0	0	0	0	0	0	
4.1583	0	0	0	0	0	0	0	0	0	0	0	0	0.0571649	0.0571649	0.0571649	0	0	0	0	0	0	0	0	0	0	0	0	0	0	0	0	0	0	0	0	0	0	0	0	0	0	0	1	1	1	1	1	1	0	0	0	0	0	0	
4.175	0	0	0	0	0	0	0	0	0	0	0	0	0.0552638	0.0552638	0.0552638	0	0	0	0	0	0	0	0	0	0	0	0	0	0	0	0	0	0	0	0	0	0	0	0	0	0	0	1	1	1	1	1	1	0	0	0	0	0	0	
4.1917	0	0	0	0	0	0	0	0	0	0	0	0	0.0532118	0.0532118	0.0532118	0	0	0	0	0	0	0	0	0	0	0	0	0	0	0	0	0	0	0	0	0	0	0	0	0	0	0	1	1	1	1	1	1	0	0	0	0	0	0	
4.2084	0	0	0	0	0	0	0	0	0	0	0	0	0.0509815	0.0509815	0.0509815	0	0	0	0	0	0	0	0	0	0	0	0	0	0	0	0	0	0	0	0	0	0	0	0	0	0	0	1	1	1	1	1	1	0	0	0	0	0	0	
4.2251	0	0	0	0	0	0	0	0	0	0	0	0	0.0491459	0.0491459	0.0491459	0	0	0	0	0	0	0	0	0	0	0	0	0	0	0	0	0	0	0	0	0	0	0	0	0	0	0	1	1	1	1	1	1	0	0	0	0	0	0	
4.2418	0	0	0	0	0	0	0	0	0	0	0	0	0.0480617	0.0480617	0.0480617	0	0	0	0	0	0	0	0	0	0	0	0	0	0	0	0	0	0	0	0	0	0	0	0	0	0	0	1	1	1	1	1	1	0	0	0	0	0	0	
4.2585	0	0	0	0	0	0	0	0	0	0	0	0	0.0476286	0.0476286	0.0476286	0	0	0	0	0	0	0	0	0	0	0	0	0	0	0	0	0	0	0	0	0	0	0	0	0	0	0	1	1	1	1	1	1	0	0	0	0	0	0	
4.2752	0	0	0	0	0	0	0	0	0	0	0	0	0.0478128	0.0478128	0.0478128	0	0	0	0	0	0	0	0	0	0	0	0	0	0	0	0	0	0	0	0	0	0	0	0	0	0	0	1	1	1	1	1	1	0	0	0	0	0	0	
4.2919	0	0	0	0	0	0	0	0	0	0	0	0	0.0485764	0.0485764	0.0485764	0	0	0	0	0	0	0	0	0	0	0	0	0	0	0	0	0	0	0	0	0	0	0	0	0	0	0	1	1	1	1	1	1	0	0	0	0	0	0	
4.3086	0	0	0	0	0	0	0	0	0	0	0	0	0.0494448	0.0494448	0.0494448	0	0	0	0	0	0	0	0	0	0	0	0	0	0	0	0	0	0	0	0	0	0	0	0	0	0	0	1	1	1	1	1	1	0	0	0	0	0	0	
4.3253	0	0	0	0	0	0	0	0	0	0	0	0	0.0504011	0.0504011	0.0504011	0	0	0	0	0	0	0	0	0	0	0	0	0	0	0	0	0	0	0	0	0	0	0	0	0	0	0	1	1	1	1	1	1	0	0	0	0	0	0	
4.342	0	0	0	0	0	0	0	0	0	0	0	0	0.0513454	0.0513454	0.0513454	0	0	0	0	0	0	0	0	0	0	0	0	0	0	0	0	0	0	0	0	0	0	0	0	0	0	0	1	1	1	1	1	1	0	0	0	0	0	0	
4.3587	0	0	0	0	0	0	0	0	0	0	0	0	0.0522278	0.0522278	0.0522278	0	0	0	0	0	0	0	0	0	0	0	0	0	0	0	0	0	0	0	0	0	0	0	0	0	0	0	1	1	1	1	1	1	0	0	0	0	0	0	
4.3754	0	0	0	0	0	0	0	0	0	0	0	0	0.0529937	0.0529937	0.0529937	0	0	0	0	0	0	0	0	0	0	0	0	0	0	0	0	0	0	0	0	0	0	0	0	0	0	0	1	1	1	1	1	1	0	0	0	0	0	0	
4.3921	0	0	0	0	0	0	0	0	0	0	0	0	0.0534755	0.0534755	0.0534755	0	0	0	0	0	0	0	0	0	0	0	0	0	0	0	0	0	0	0	0	0	0	0	0	0	0	0	1	1	1	1	1	1	0	0	0	0	0	0	
4.4088	0	0	0	0	0	0	0	0	0	0	0	0	0.0534948	0.0534948	0.0534948	0	0	0	0	0	0	0	0	0	0	0	0	0	0	0	0	0	0	0	0	0	0	0	0	0	0	0	1	1	1	1	1	1	0	0	0	0	0	0	
4.4255	0	0	0	0	0	0	0	0	0	0	0	0	0.0529992	0.0529992	0.0529992	0	0	0	0	0	0	0	0	0	0	0	0	0	0	0	0	0	0	0	0	0	0	0	0	0	0	0	1	1	1	1	1	1	0	0	0	0	0	0	
4.4422	0	0	0	0	0	0	0	0	0	0	0	0	0.0521416	0.0521416	0.0521416	0	0	0	0	0	0	0	0	0	0	0	0	0	0	0	0	0	0	0	0	0	0	0	0	0	0	0	1	1	1	1	1	1	0	0	0	0	0	0	
4.4589	0	0	0	0	0	0	0	0	0	0	0	0	0.0510228	0.0510228	0.0510228	0	0	0	0	0	0	0	0	0	0	0	0	0	0	0	0	0	0	0	0	0	0	0	0	0	0	0	1	1	1	1	1	1	0	0	0	0	0	0	
4.4756	0	0	0	0	0	0	0	0	0	0	0	0	0.0492424	0.0492424	0.0492424	0	0	0	0	0	0	0	0	0	0	0	0	0	0	0	0	0	0	0	0	0	0	0	0	0	0	0	1	1	1	1	1	1	0	0	0	0	0	0	
4.4923	0	0	0	0	0	0	0	0	0	0	0	0	0.0467661	0.0467661	0.0467661	0	0	0	0	0	0	0	0	0	0	0	0	0	0	0	0	0	0	0	0	0	0	0	0	0	0	0	1	1	1	1	1	1	0	0	0	0	0	0	
4.509	0	0	0	0	0	0	0	0	0	0	0	0	0.0436478	0.0436478	0.0436478	0	0	0	0	0	0	0	0	0	0	0	0	0	0	0	0	0	0	0	0	0	0	0	0	0	0	0	1	1	1	1	1	1	0	0	0	0	0	0	
4.5257	0	0	0	0	0	0	0	0	0	0	0	0	0.0398371	0.0398371	0.0398371	0	0	0	0	0	0	0	0	0	0	0	0	0	0	0	0	0	0	0	0	0	0	0	0	0	0	0	1	1	1	1	1	1	0	0	0	0	0	0	
4.5424	0	0	0	0	0	0	0	0	0	0	0	0	0.0353712	0.0353712	0.0353712	0	0	0	0	0	0	0	0	0	0	0	0	0	0	0	0	0	0	0	0	0	0	0	0	0	0	0	1	1	1	1	1	1	0	0	0	0	0	0	
4.5591	0	0	0	0	0	0	0	0	0	0	0	0	0.03042	0.03042	0.03042	0	0	0	0	0	0	0	0	0	0	0	0	0	0	0	0	0	0	0	0	0	0	0	0	0	0	0	1	1	1	1	1	1	0	0	0	0	0	0	
4.5758	0	0	0	0	0	0	0	0	0	0	0	0	0.0249572	0.0249572	0.0249572	0	0	0	0	0	0	0	0	0	0	0	0	0	0	0	0	0	0	0	0	0	0	0	0	0	0	0	1	1	1	1	1	1	0	0	0	0	0	0	
4.5925	0	0	0	0	0	0	0	0	0	0	0	0	0.0195185	0.0195185	0.0195185	0	0	0	0	0	0	0	0	0	0	0	0	0	0	0	0	0	0	0	0	0	0	0	0	0	0	0	1	1	1	1	1	1	0	0	0	0	0	0	
4.6092	0	0	0	0	0	0	0	0	0	0	0	0	0.0142253	0.0142253	0.0142253	0	0	0	0	0	0	0	0	0	0	0	0	0	0	0	0	0	0	0	0	0	0	0	0	0	0	0	1	1	1	1	1	1	0	0	0	0	0	0	
4.6259	0	0	0	0	0	0	0	0	0	0	0	0	0.00909955	0.00909955	0.00909955	0	0	0	0	0	0	0	0	0	0	0	0	0	0	0	0	0	0	0	0	0	0	0	0	0	0	0	1	1	1	1	1	1	0	0	0	0	0	0	
4.6426	0	0	0	0	0	0	0	0	0	0	0	0	0.00409693	0.00409693	0.00409693	0	0	0	0	0	0	0	0	0	0	0	0	0	0	0	0	0	0	0	0	0	0	0	0	0	0	0	1	1	1	1	1	1	0	0	0	0	0	0	
4.6593	0	0	0	0	0	0	0	0	0	0	0	0	0	0	0	0.000847962	0.000847962	0.000847962	0	0	0	0	0	0	0	0	0	0	0	0	0	0	0	0	0	0	0	0	0	0	0	0	1	1	1	1	1	1	0	0	0	0	0	0	
4.676	0	0	0	0	0	0	0	0	0	0	0	0	0	0	0	0.00519407	0.00519407	0.00519407	0	0	0	0	0	0	0	0	0	0	0	0	0	0	0	0	0	0	0	0	0	0	0	0	1	1	1	1	1	1	0	0	0	0	0	0	
4.6927	0	0	0	0	0	0	0	0	0	0	0	0	0	0	0	0.00891045	0.00891045	0.00891045	0	0	0	0	0	0	0	0	0	0	0	0	0	0	0	0	0	0	0	0	0	0	0	0	1	1	1	1	1	1	0	0	0	0	0	0	
4.7094	0	0	0	0	0	0	0	0	0	0	0	0	0	0	0	0.0121485	0.0121485	0.0121485	0	0	0	0	0	0	0	0	0	0	0	0	0	0	0	0	0	0	0	0	0	0	0	0	1	1	1	1	1	1	0	0	0	0	0	0	
4.7261	0	0	0	0	0	0	0	0	0	0	0	0	0	0	0	0.0150506	0.0150506	0.0150506	0	0	0	0	0	0	0	0	0	0	0	0	0	0	0	0	0	0	0	0	0	0	0	0	1	1	1	1	1	1	0	0	0	0	0	0	
4.7428	0	0	0	0	0	0	0	0	0	0	0	0	0	0	0	0.0177618	0.0177618	0.0177618	0	0	0	0	0	0	0	0	0	0	0	0	0	0	0	0	0	0	0	0	0	0	0	0	1	1	1	1	1	1	0	0	0	0	0	0	
4.7595	0	0	0	0	0	0	0	0	0	0	0	0	0	0	0	0.0203	0.0203	0.0203	0	0	0	0	0	0	0	0	0	0	0	0	0	0	0	0	0	0	0	0	0	0	0	0	1	1	1	1	1	1	0	0	0	0	0	0	
4.7762	0	0	0	0	0	0	0	0	0	0	0	0	0	0	0	0.022684	0.022684	0.022684	0	0	0	0	0	0	0	0	0	0	0	0	0	0	0	0	0	0	0	0	0	0	0	0	1	1	1	1	1	1	0	0	0	0	0	0	
4.7929	0	0	0	0	0	0	0	0	0	0	0	0	0	0	0	0.0249868	0.0249868	0.0249868	0	0	0	0	0	0	0	0	0	0	0	0	0	0	0	0	0	0	0	0	0	0	0	0	1	1	1	1	1	1	0	0	0	0	0	0	
4.8096	0	0	0	0	0	0	0	0	0	0	0	0	0	0	0	0.0272461	0.0272461	0.0272461	0	0	0	0	0	0	0	0	0	0	0	0	0	0	0	0	0	0	0	0	0	0	0	0	1	1	1	1	1	1	0	0	0	0	0	0	
4.8263	0	0	0	0	0	0	0	0	0	0	0	0	0	0	0	0.0295518	0.0295518	0.0295518	0	0	0	0	0	0	0	0	0	0	0	0	0	0	0	0	0	0	0	0	0	0	0	0	1	1	1	1	1	1	0	0	0	0	0	0	
4.843	0	0	0	0	0	0	0	0	0	0	0	0	0	0	0	0.031919	0.031919	0.031919	0	0	0	0	0	0	0	0	0	0	0	0	0	0	0	0	0	0	0	0	0	0	0	0	1	1	1	1	1	1	0	0	0	0	0	0	
4.8597	0	0	0	0	0	0	0	0	0	0	0	0	0	0	0	0.0343113	0.0343113	0.0343113	0	0	0	0	0	0	0	0	0	0	0	0	0	0	0	0	0	0	0	0	0	0	0	0	1	1	1	1	1	1	0	0	0	0	0	0	
4.8764	0	0	0	0	0	0	0	0	0	0	0	0	0	0	0	0.036721	0.036721	0.036721	0	0	0	0	0	0	0	0	0	0	0	0	0	0	0	0	0	0	0	0	0	0	0	0	1	1	1	1	1	1	0	0	0	0	0	0	
4.8931	0	0	0	0	0	0	0	0	0	0	0	0	0	0	0	0.0394004	0.0394004	0.0394004	0	0	0	0	0	0	0	0	0	0	0	0	0	0	0	0	0	0	0	0	0	0	0	0	1	1	1	1	1	1	0	0	0	0	0	0	
4.9098	0	0	0	0	0	0	0	0	0	0	0	0	0	0	0	0.042142	0.042142	0.042142	0	0	0	0	0	0	0	0	0	0	0	0	0	0	0	0	0	0	0	0	0	0	0	0	1	1	1	1	1	1	0	0	0	0	0	0	
4.9265	0	0	0	0	0	0	0	0	0	0	0	0	0	0	0	0.0449586	0.0449586	0.0449586	0	0	0	0	0	0	0	0	0	0	0	0	0	0	0	0	0	0	0	0	0	0	0	0	1	1	1	1	1	1	0	0	0	0	0	0	
4.9432	0	0	0	0	0	0	0	0	0	0	0	0	0	0	0	0.0477568	0.0477568	0.0477568	0	0	0	0	0	0	0	0	0	0	0	0	0	0	0	0	0	0	0	0	0	0	0	0	1	1	1	1	1	1	0	0	0	0	0	0	
4.9599	0	0	0	0	0	0	0	0	0	0	0	0	0	0	0	0.0505412	0.0505412	0.0505412	0	0	0	0	0	0	0	0	0	0	0	0	0	0	0	0	0	0	0	0	0	0	0	0	1	1	1	1	1	1	0	0	0	0	0	0	
4.9766	0	0	0	0	0	0	0	0	0	0	0	0	0	0	0	0.053413	0.053413	0.053413	0	0	0	0	0	0	0	0	0	0	0	0	0	0	0	0	0	0	0	0	0	0	0	0	1	1	1	1	1	1	0	0	0	0	0	0	
4.9933	0	0	0	0	0	0	0	0	0	0	0	0	0	0	0	0.0562258	0.0562258	0.0562258	0	0	0	0	0	0	0	0	0	0	0	0	0	0	0	0	0	0	0	0	0	0	0	0	1	1	1	1	1	1	0	0	0	0	0	0	
5.01	0	0	0	0	0	0	0	0	0	0	0	0	0	0	0	0.0588586	0.0588586	0.0588586	0	0	0	0	0	0	0	0	0	0	0	0	0	0	0	0	0	0	0	0	0	0	0	0	1	1	1	1	1	1	0	0	0	0	0	0	
5.0267	0	0	0	0	0	0	0	0	0	0	0	0	0	0	0	0.0611438	0.0611438	0.0611438	0	0	0	0	0	0	0	0	0	0	0	0	0	0	0	0	0	0	0	0	0	0	0	0	1	1	1	1	1	1	0	0	0	0	0	0	
5.0434	0	0	0	0	0	0	0	0	0	0	0	0	0	0	0	0.0634524	0.0634524	0.0634524	0	0	0	0	0	0	0	0	0	0	0	0	0	0	0	0	0	0	0	0	0	0	0	0	1	1	1	1	1	1	0	0	0	0	0	0	
5.0601	0	0	0	0	0	0	0	0	0	0	0	0	0	0	0	0.0657171	0.0657171	0.0657171	0	0	0	0	0	0	0	0	0	0	0	0	0	0	0	0	0	0	0	0	0	0	0	0	1	1	1	1	1	1	0	0	0	0	0	0	
5.0768	0	0	0	0	0	0	0	0	0	0	0	0	0	0	0	0.0680035	0.0680035	0.0680035	0	0	0	0	0	0	0	0	0	0	0	0	0	0	0	0	0	0	0	0	0	0	0	0	1	1	1	1	1	1	0	0	0	0	0	0	
5.0935	0	0	0	0	0	0	0	0	0	0	0	0	0	0	0	0.0702908	0.0702908	0.0702908	0	0	0	0	0	0	0	0	0	0	0	0	0	0	0	0	0	0	0	0	0	0	0	0	1	1	1	1	1	1	0	0	0	0	0	0	
5.1102	0	0	0	0	0	0	0	0	0	0	0	0	0	0	0	0.072425	0.072425	0.072425	0	0	0	0	0	0	0	0	0	0	0	0	0	0	0	0	0	0	0	0	0	0	0	0	1	1	1	1	1	1	0	0	0	0	0	0	
5.1269	0	0	0	0	0	0	0	0	0	0	0	0	0	0	0	0.0742899	0.0742899	0.0742899	0	0	0	0	0	0	0	0	0	0	0	0	0	0	0	0	0	0	0	0	0	0	0	0	1	1	1	1	1	1	0	0	0	0	0	0	
5.1436	0	0	0	0	0	0	0	0	0	0	0	0	0	0	0	0.075734	0.075734	0.075734	0	0	0	0	0	0	0	0	0	0	0	0	0	0	0	0	0	0	0	0	0	0	0	0	1	1	1	1	1	1	0	0	0	0	0	0	
5.1603	0	0	0	0	0	0	0	0	0	0	0	0	0	0	0	0.0764532	0.0764532	0.0764532	0	0	0	0	0	0	0	0	0	0	0	0	0	0	0	0	0	0	0	0	0	0	0	0	1	1	1	1	1	1	0	0	0	0	0	0	
5.177	0	0	0	0	0	0	0	0	0	0	0	0	0	0	0	0.0765209	0.0765209	0.0765209	0	0	0	0	0	0	0	0	0	0	0	0	0	0	0	0	0	0	0	0	0	0	0	0	1	1	1	1	1	1	0	0	0	0	0	0	
5.1937	0	0	0	0	0	0	0	0	0	0	0	0	0	0	0	0.0758829	0.0758829	0.0758829	0	0	0	0	0	0	0	0	0	0	0	0	0	0	0	0	0	0	0	0	0	0	0	0	1	1	1	1	1	1	0	0	0	0	0	0	
5.2104	0	0	0	0	0	0	0	0	0	0	0	0	0	0	0	0.0754215	0.0754215	0.0754215	0	0	0	0	0	0	0	0	0	0	0	0	0	0	0	0	0	0	0	0	0	0	0	0	1	1	1	1	1	1	0	0	0	0	0	0	
5.2271	0	0	0	0	0	0	0	0	0	0	0	0	0	0	0	0.0752527	0.0752527	0.0752527	0	0	0	0	0	0	0	0	0	0	0	0	0	0	0	0	0	0	0	0	0	0	0	0	1	1	1	1	1	1	0	0	0	0	0	0	
5.2438	0	0	0	0	0	0	0	0	0	0	0	0	0	0	0	0.0752799	0.0752799	0.0752799	0	0	0	0	0	0	0	0	0	0	0	0	0	0	0	0	0	0	0	0	0	0	0	0	1	1	1	1	1	1	0	0	0	0	0	0	
5.2605	0	0	0	0	0	0	0	0	0	0	0	0	0	0	0	0.0754171	0.0754171	0.0754171	0	0	0	0	0	0	0	0	0	0	0	0	0	0	0	0	0	0	0	0	0	0	0	0	1	1	1	1	1	1	0	0	0	0	0	0	
5.2772	0	0	0	0	0	0	0	0	0	0	0	0	0	0	0	0.0756142	0.0756142	0.0756142	0	0	0	0	0	0	0	0	0	0	0	0	0	0	0	0	0	0	0	0	0	0	0	0	1	1	1	1	1	1	0	0	0	0	0	0	
5.2939	0	0	0	0	0	0	0	0	0	0	0	0	0	0	0	0.0757714	0.0757714	0.0757714	0	0	0	0	0	0	0	0	0	0	0	0	0	0	0	0	0	0	0	0	0	0	0	0	1	1	1	1	1	1	0	0	0	0	0	0	
5.3106	0	0	0	0	0	0	0	0	0	0	0	0	0	0	0	0.0756466	0.0756466	0.0756466	0	0	0	0	0	0	0	0	0	0	0	0	0	0	0	0	0	0	0	0	0	0	0	0	1	1	1	1	1	1	0	0	0	0	0	0	
5.3273	0	0	0	0	0	0	0	0	0	0	0	0	0	0	0	0.0753431	0.0753431	0.0753431	0	0	0	0	0	0	0	0	0	0	0	0	0	0	0	0	0	0	0	0	0	0	0	0	1	1	1	1	1	1	0	0	0	0	0	0	
5.344	0	0	0	0	0	0	0	0	0	0	0	0	0	0	0	0.0754217	0.0754217	0.0754217	0	0	0	0	0	0	0	0	0	0	0	0	0	0	0	0	0	0	0	0	0	0	0	0	1	1	1	1	1	1	0	0	0	0	0	0	
5.3607	0	0	0	0	0	0	0	0	0	0	0	0	0	0	0	0.0752005	0.0752005	0.0752005	0	0	0	0	0	0	0	0	0	0	0	0	0	0	0	0	0	0	0	0	0	0	0	0	1	1	1	1	1	1	0	0	0	0	0	0	
5.3774	0	0	0	0	0	0	0	0	0	0	0	0	0	0	0	0.0752504	0.0752504	0.0752504	0	0	0	0	0	0	0	0	0	0	0	0	0	0	0	0	0	0	0	0	0	0	0	0	1	1	1	1	1	1	0	0	0	0	0	0	
5.3941	0	0	0	0	0	0	0	0	0	0	0	0	0	0	0	0.0761273	0.0761273	0.0761273	0	0	0	0	0	0	0	0	0	0	0	0	0	0	0	0	0	0	0	0	0	0	0	0	1	1	1	1	1	1	0	0	0	0	0	0	
5.4108	0	0	0	0	0	0	0	0	0	0	0	0	0	0	0	0.0778067	0.0778067	0.0778067	0	0	0	0	0	0	0	0	0	0	0	0	0	0	0	0	0	0	0	0	0	0	0	0	1	1	1	1	1	1	0	0	0	0	0	0	
5.4275	0	0	0	0	0	0	0	0	0	0	0	0	0	0	0	0.0803501	0.0803501	0.0803501	0	0	0	0	0	0	0	0	0	0	0	0	0	0	0	0	0	0	0	0	0	0	0	0	1	1	1	1	1	1	0	0	0	0	0	0	
5.4442	0	0	0	0	0	0	0	0	0	0	0	0	0	0	0	0.083347	0.083347	0.083347	0	0	0	0	0	0	0	0	0	0	0	0	0	0	0	0	0	0	0	0	0	0	0	0	1	1	1	1	1	1	0	0	0	0	0	0	
5.4609	0	0	0	0	0	0	0	0	0	0	0	0	0	0	0	0.0863825	0.0863825	0.0863825	0	0	0	0	0	0	0	0	0	0	0	0	0	0	0	0	0	0	0	0	0	0	0	0	1	1	1	1	1	1	0	0	0	0	0	0	
5.4776	0	0	0	0	0	0	0	0	0	0	0	0	0	0	0	0.0894737	0.0894737	0.0894737	0	0	0	0	0	0	0	0	0	0	0	0	0	0	0	0	0	0	0	0	0	0	0	0	1	1	1	1	1	1	0	0	0	0	0	0	
5.4943	0	0	0	0	0	0	0	0	0	0	0	0	0	0	0	0.0925626	0.0925626	0.0925626	0	0	0	0	0	0	0	0	0	0	0	0	0	0	0	0	0	0	0	0	0	0	0	0	1	1	1	1	1	1	0	0	0	0	0	0	
5.511	0	0	0	0	0	0	0	0	0	0	0	0	0	0	0	0.0951289	0.0951289	0.0951289	0	0	0	0	0	0	0	0	0	0	0	0	0	0	0	0	0	0	0	0	0	0	0	0	1	1	1	1	1	1	0	0	0	0	0	0	
5.5277	0	0	0	0	0	0	0	0	0	0	0	0	0	0	0	0.0971611	0.0971611	0.0971611	0	0	0	0	0	0	0	0	0	0	0	0	0	0	0	0	0	0	0	0	0	0	0	0	1	1	1	1	1	1	0	0	0	0	0	0	
5.5444	0	0	0	0	0	0	0	0	0	0	0	0	0	0	0	0.0988059	0.0988059	0.0988059	0	0	0	0	0	0	0	0	0	0	0	0	0	0	0	0	0	0	0	0	0	0	0	0	1	1	1	1	1	1	0	0	0	0	0	0	
5.5611	0	0	0	0	0	0	0	0	0	0	0	0	0	0	0	0.100007	0.100007	0.100007	0	0	0	0	0	0	0	0	0	0	0	0	0	0	0	0	0	0	0	0	0	0	0	0	1	1	1	1	1	1	0	0	0	0	0	0	
5.5778	0	0	0	0	0	0	0	0	0	0	0	0	0	0	0	0.100789	0.100789	0.100789	0	0	0	0	0	0	0	0	0	0	0	0	0	0	0	0	0	0	0	0	0	0	0	0	1	1	1	1	1	1	0	0	0	0	0	0	
5.5945	0	0	0	0	0	0	0	0	0	0	0	0	0	0	0	0.101009	0.101009	0.101009	0	0	0	0	0	0	0	0	0	0	0	0	0	0	0	0	0	0	0	0	0	0	0	0	1	1	1	1	1	1	0	0	0	0	0	0	
5.6112	0	0	0	0	0	0	0	0	0	0	0	0	0	0	0	0.100643	0.100643	0.100643	0	0	0	0	0	0	0	0	0	0	0	0	0	0	0	0	0	0	0	0	0	0	0	0	1	1	1	1	1	1	0	0	0	0	0	0	
5.6279	0	0	0	0	0	0	0	0	0	0	0	0	0	0	0	0.0998276	0.0998276	0.0998276	0	0	0	0	0	0	0	0	0	0	0	0	0	0	0	0	0	0	0	0	0	0	0	0	1	1	1	1	1	1	0	0	0	0	0	0	
5.6446	0	0	0	0	0	0	0	0	0	0	0	0	0	0	0	0.0985099	0.0985099	0.0985099	0	0	0	0	0	0	0	0	0	0	0	0	0	0	0	0	0	0	0	0	0	0	0	0	1	1	1	1	1	1	0	0	0	0	0	0	
5.6613	0	0	0	0	0	0	0	0	0	0	0	0	0	0	0	0.0968722	0.0968722	0.0968722	0	0	0	0	0	0	0	0	0	0	0	0	0	0	0	0	0	0	0	0	0	0	0	0	1	1	1	1	1	1	0	0	0	0	0	0	
5.678	0	0	0	0	0	0	0	0	0	0	0	0	0	0	0	0.0948279	0.0948279	0.0948279	0	0	0	0	0	0	0	0	0	0	0	0	0	0	0	0	0	0	0	0	0	0	0	0	1	1	1	1	1	1	0	0	0	0	0	0	
5.6947	0	0	0	0	0	0	0	0	0	0	0	0	0	0	0	0.0922457	0.0922457	0.0922457	0	0	0	0	0	0	0	0	0	0	0	0	0	0	0	0	0	0	0	0	0	0	0	0	1	1	1	1	1	1	0	0	0	0	0	0	
5.7114	0	0	0	0	0	0	0	0	0	0	0	0	0	0	0	0.089097	0.089097	0.089097	0	0	0	0	0	0	0	0	0	0	0	0	0	0	0	0	0	0	0	0	0	0	0	0	1	1	1	1	1	1	0	0	0	0	0	0	
5.7281	0	0	0	0	0	0	0	0	0	0	0	0	0	0	0	0.0856327	0.0856327	0.0856327	0	0	0	0	0	0	0	0	0	0	0	0	0	0	0	0	0	0	0	0	0	0	0	0	1	1	1	1	1	1	0	0	0	0	0	0	
5.7448	0	0	0	0	0	0	0	0	0	0	0	0	0	0	0	0.0817727	0.0817727	0.0817727	0	0	0	0	0	0	0	0	0	0	0	0	0	0	0	0	0	0	0	0	0	0	0	0	1	1	1	1	1	1	0	0	0	0	0	0	
5.7615	0	0	0	0	0	0	0	0	0	0	0	0	0	0	0	0.0776569	0.0776569	0.0776569	0	0	0	0	0	0	0	0	0	0	0	0	0	0	0	0	0	0	0	0	0	0	0	0	1	1	1	1	1	1	0	0	0	0	0	0	
5.7782	0	0	0	0	0	0	0	0	0	0	0	0	0	0	0	0.0732701	0.0732701	0.0732701	0	0	0	0	0	0	0	0	0	0	0	0	0	0	0	0	0	0	0	0	0	0	0	0	1	1	1	1	1	1	0	0	0	0	0	0	
5.7949	0	0	0	0	0	0	0	0	0	0	0	0	0	0	0	0.0686524	0.0686524	0.0686524	0	0	0	0	0	0	0	0	0	0	0	0	0	0	0	0	0	0	0	0	0	0	0	0	1	1	1	1	1	1	0	0	0	0	0	0	
5.8116	0	0	0	0	0	0	0	0	0	0	0	0	0	0	0	0.0637546	0.0637546	0.0637546	0	0	0	0	0	0	0	0	0	0	0	0	0	0	0	0	0	0	0	0	0	0	0	0	1	1	1	1	1	1	0	0	0	0	0	0	
5.8283	0	0	0	0	0	0	0	0	0	0	0	0	0	0	0	0.0585723	0.0585723	0.0585723	0	0	0	0	0	0	0	0	0	0	0	0	0	0	0	0	0	0	0	0	0	0	0	0	1	1	1	1	1	1	0	0	0	0	0	0	
5.845	0	0	0	0	0	0	0	0	0	0	0	0	0	0	0	0.0529999	0.0529999	0.0529999	0	0	0	0	0	0	0	0	0	0	0	0	0	0	0	0	0	0	0	0	0	0	0	0	1	1	1	1	1	1	0	0	0	0	0	0	
5.8617	0	0	0	0	0	0	0	0	0	0	0	0	0	0	0	0.0471299	0.0471299	0.0471299	0	0	0	0	0	0	0	0	0	0	0	0	0	0	0	0	0	0	0	0	0	0	0	0	1	1	1	1	1	1	0	0	0	0	0	0	
5.8784	0	0	0	0	0	0	0	0	0	0	0	0	0	0	0	0.0411772	0.0411772	0.0411772	0	0	0	0	0	0	0	0	0	0	0	0	0	0	0	0	0	0	0	0	0	0	0	0	1	1	1	1	1	1	0	0	0	0	0	0	
5.8951	0	0	0	0	0	0	0	0	0	0	0	0	0	0	0	0.0353746	0.0353746	0.0353746	0	0	0	0	0	0	0	0	0	0	0	0	0	0	0	0	0	0	0	0	0	0	0	0	1	1	1	1	1	1	0	0	0	0	0	0	
5.9118	0	0	0	0	0	0	0	0	0	0	0	0	0	0	0	0.0297021	0.0297021	0.0297021	0	0	0	0	0	0	0	0	0	0	0	0	0	0	0	0	0	0	0	0	0	0	0	0	1	1	1	1	1	1	0	0	0	0	0	0	
5.9285	0	0	0	0	0	0	0	0	0	0	0	0	0	0	0	0.0241105	0.0241105	0.0241105	0	0	0	0	0	0	0	0	0	0	0	0	0	0	0	0	0	0	0	0	0	0	0	0	1	1	1	1	1	1	0	0	0	0	0	0	
5.9452	0	0	0	0	0	0	0	0	0	0	0	0	0	0	0	0.0185759	0.0185759	0.0185759	0	0	0	0	0	0	0	0	0	0	0	0	0	0	0	0	0	0	0	0	0	0	0	0	1	1	1	1	1	1	0	0	0	0	0	0	
5.9619	0	0	0	0	0	0	0	0	0	0	0	0	0	0	0	0.0130184	0.0130184	0.0130184	0	0	0	0	0	0	0	0	0	0	0	0	0	0	0	0	0	0	0	0	0	0	0	0	1	1	1	1	1	1	0	0	0	0	0	0	
5.9786	0	0	0	0	0	0	0	0	0	0	0	0	0	0	0	0.00737802	0.00737802	0.00737802	0	0	0	0	0	0	0	0	0	0	0	0	0	0	0	0	0	0	0	0	0	0	0	0	1	1	1	1	1	1	0	0	0	0	0	0	
5.9953	0	0	0	0	0	0	0	0	0	0	0	0	0	0	0	0.00195566	0.00195566	0.00195566	0	0	0	0	0	0	0	0	0	0	0	0	0	0	0	0	0	0	0	0	0	0	0	0	1	1	1	1	1	1	0	0	0	0	0	0	
6.012	0	0	0	0	0	0	0	0	0	0	0	0	0.00300804	0.00300804	0.00300804	0	0	0	0	0	0	0	0	0	0	0	0	0	0	0	0	0	0	0	0	0	0	0	0	0	0	0	1	1	1	1	1	1	0	0	0	0	0	0	
6.0287	0	0	0	0	0	0	0	0	0	0	0	0	0.00751219	0.00751219	0.00751219	0	0	0	0	0	0	0	0	0	0	0	0	0	0	0	0	0	0	0	0	0	0	0	0	0	0	0	1	1	1	1	1	1	0	0	0	0	0	0	
6.0454	0	0	0	0	0	0	0	0	0	0	0	0	0.011607	0.011607	0.011607	0	0	0	0	0	0	0	0	0	0	0	0	0	0	0	0	0	0	0	0	0	0	0	0	0	0	0	1	1	1	1	1	1	0	0	0	0	0	0	
6.0621	0	0	0	0	0	0	0	0	0	0	0	0	0.0151959	0.0151959	0.0151959	0	0	0	0	0	0	0	0	0	0	0	0	0	0	0	0	0	0	0	0	0	0	0	0	0	0	0	1	1	1	1	1	1	0	0	0	0	0	0	
6.0788	0	0	0	0	0	0	0	0	0	0	0	0	0.0184804	0.0184804	0.0184804	0	0	0	0	0	0	0	0	0	0	0	0	0	0	0	0	0	0	0	0	0	0	0	0	0	0	0	1	1	1	1	1	1	0	0	0	0	0	0	
6.0955	0	0	0	0	0	0	0	0	0	0	0	0	0.0217208	0.0217208	0.0217208	0	0	0	0	0	0	0	0	0	0	0	0	0	0	0	0	0	0	0	0	0	0	0	0	0	0	0	1	1	1	1	1	1	0	0	0	0	0	0	
6.1122	0	0	0	0	0	0	0	0	0	0	0	0	0.0247764	0.0247764	0.0247764	0	0	0	0	0	0	0	0	0	0	0	0	0	0	0	0	0	0	0	0	0	0	0	0	0	0	0	1	1	1	1	1	1	0	0	0	0	0	0	
6.1289	0	0	0	0	0	0	0	0	0	0	0	0	0.0277072	0.0277072	0.0277072	0	0	0	0	0	0	0	0	0	0	0	0	0	0	0	0	0	0	0	0	0	0	0	0	0	0	0	1	1	1	1	1	1	0	0	0	0	0	0	
6.1456	0	0	0	0	0	0	0	0	0	0	0	0	0.0309527	0.0309527	0.0309527	0	0	0	0	0	0	0	0	0	0	0	0	0	0	0	0	0	0	0	0	0	0	0	0	0	0	0	1	1	1	1	1	1	0	0	0	0	0	0	
6.1623	0	0	0	0	0	0	0	0	0	0	0	0	0.0342617	0.0342617	0.0342617	0	0	0	0	0	0	0	0	0	0	0	0	0	0	0	0	0	0	0	0	0	0	0	0	0	0	0	1	1	1	1	1	1	0	0	0	0	0	0	
6.179	0	0	0	0	0	0	0	0	0	0	0	0	0.0374203	0.0374203	0.0374203	0	0	0	0	0	0	0	0	0	0	0	0	0	0	0	0	0	0	0	0	0	0	0	0	0	0	0	1	1	1	1	1	1	0	0	0	0	0	0	
6.1957	0	0	0	0	0	0	0	0	0	0	0	0	0.0404757	0.0404757	0.0404757	0	0	0	0	0	0	0	0	0	0	0	0	0	0	0	0	0	0	0	0	0	0	0	0	0	0	0	1	1	1	1	1	1	0	0	0	0	0	0	
6.2124	0	0	0	0	0	0	0	0	0	0	0	0	0.0433708	0.0433708	0.0433708	0	0	0	0	0	0	0	0	0	0	0	0	0	0	0	0	0	0	0	0	0	0	0	0	0	0	0	1	1	1	1	1	1	0	0	0	0	0	0	
6.2291	0	0	0	0	0	0	0	0	0	0	0	0	0.0460722	0.0460722	0.0460722	0	0	0	0	0	0	0	0	0	0	0	0	0	0	0	0	0	0	0	0	0	0	0	0	0	0	0	1	1	1	1	1	1	0	0	0	0	0	0	
6.2458	0	0	0	0	0	0	0	0	0	0	0	0	0.0485049	0.0485049	0.0485049	0	0	0	0	0	0	0	0	0	0	0	0	0	0	0	0	0	0	0	0	0	0	0	0	0	0	0	1	1	1	1	1	1	0	0	0	0	0	0	
6.2625	0	0	0	0	0	0	0	0	0	0	0	0	0.0505644	0.0505644	0.0505644	0	0	0	0	0	0	0	0	0	0	0	0	0	0	0	0	0	0	0	0	0	0	0	0	0	0	0	1	1	1	1	1	1	0	0	0	0	0	0	
6.2792	0	0	0	0	0	0	0	0	0	0	0	0	0.0519289	0.0519289	0.0519289	0	0	0	0	0	0	0	0	0	0	0	0	0	0	0	0	0	0	0	0	0	0	0	0	0	0	0	1	1	1	1	1	1	0	0	0	0	0	0	
6.2959	0	0	0	0	0	0	0	0	0	0	0	0	0.0522498	0.0522498	0.0522498	0	0	0	0	0	0	0	0	0	0	0	0	0	0	0	0	0	0	0	0	0	0	0	0	0	0	0	1	1	1	1	1	1	0	0	0	0	0	0	
6.3126	0	0	0	0	0	0	0	0	0	0	0	0	0.0516815	0.0516815	0.0516815	0	0	0	0	0	0	0	0	0	0	0	0	0	0	0	0	0	0	0	0	0	0	0	0	0	0	0	1	1	1	1	1	1	0	0	0	0	0	0	
6.3293	0	0	0	0	0	0	0	0	0	0	0	0	0.0506093	0.0506093	0.0506093	0	0	0	0	0	0	0	0	0	0	0	0	0	0	0	0	0	0	0	0	0	0	0	0	0	0	0	1	1	1	1	1	1	0	0	0	0	0	0	
6.346	0	0	0	0	0	0	0	0	0	0	0	0	0.0493885	0.0493885	0.0493885	0	0	0	0	0	0	0	0	0	0	0	0	0	0	0	0	0	0	0	0	0	0	0	0	0	0	0	1	1	1	1	1	1	0	0	0	0	0	0	
6.3627	0	0	0	0	0	0	0	0	0	0	0	0	0.0483518	0.0483518	0.0483518	0	0	0	0	0	0	0	0	0	0	0	0	0	0	0	0	0	0	0	0	0	0	0	0	0	0	0	1	1	1	1	1	1	0	0	0	0	0	0	
6.3794	0	0	0	0	0	0	0	0	0	0	0	0	0.0466347	0.0466347	0.0466347	0	0	0	0	0	0	0	0	0	0	0	0	0	0	0	0	0	0	0	0	0	0	0	0	0	0	0	1	1	1	1	1	1	0	0	0	0	0	0	
6.3961	0	0	0	0	0	0	0	0	0	0	0	0	0.0443166	0.0443166	0.0443166	0	0	0	0	0	0	0	0	0	0	0	0	0	0	0	0	0	0	0	0	0	0	0	0	0	0	0	1	1	1	1	1	1	0	0	0	0	0	0	
6.4128	0	0	0	0	0	0	0	0	0	0	0	0	0.0413762	0.0413762	0.0413762	0	0	0	0	0	0	0	0	0	0	0	0	0	0	0	0	0	0	0	0	0	0	0	0	0	0	0	1	1	1	1	1	1	0	0	0	0	0	0	
6.4295	0	0	0	0	0	0	0	0	0	0	0	0	0.0383739	0.0383739	0.0383739	0	0	0	0	0	0	0	0	0	0	0	0	0	0	0	0	0	0	0	0	0	0	0	0	0	0	0	1	1	1	1	1	1	0	0	0	0	0	0	
6.4462	0	0	0	0	0	0	0	0	0	0	0	0	0.0359928	0.0359928	0.0359928	0	0	0	0	0	0	0	0	0	0	0	0	0	0	0	0	0	0	0	0	0	0	0	0	0	0	0	1	1	1	1	1	1	0	0	0	0	0	0	
6.4629	0	0	0	0	0	0	0	0	0	0	0	0	0.0341233	0.0341233	0.0341233	0	0	0	0	0	0	0	0	0	0	0	0	0	0	0	0	0	0	0	0	0	0	0	0	0	0	0	1	1	1	1	1	1	0	0	0	0	0	0	
6.4796	0	0	0	0	0	0	0	0	0	0	0	0	0.0329825	0.0329825	0.0329825	0	0	0	0	0	0	0	0	0	0	0	0	0	0	0	0	0	0	0	0	0	0	0	0	0	0	0	1	1	1	1	1	1	0	0	0	0	0	0	
6.4963	0	0	0	0	0	0	0	0	0	0	0	0	0.0323468	0.0323468	0.0323468	0	0	0	0	0	0	0	0	0	0	0	0	0	0	0	0	0	0	0	0	0	0	0	0	0	0	0	1	1	1	1	1	1	0	0	0	0	0	0	
6.513	0	0	0	0	0	0	0	0	0	0	0	0	0.0318164	0.0318164	0.0318164	0	0	0	0	0	0	0	0	0	0	0	0	0	0	0	0	0	0	0	0	0	0	0	0	0	0	0	1	1	1	1	1	1	0	0	0	0	0	0	
6.5297	0	0	0	0	0	0	0	0	0	0	0	0	0.0315326	0.0315326	0.0315326	0	0	0	0	0	0	0	0	0	0	0	0	0	0	0	0	0	0	0	0	0	0	0	0	0	0	0	1	1	1	1	1	1	0	0	0	0	0	0	
6.5464	0	0	0	0	0	0	0	0	0	0	0	0	0.0312559	0.0312559	0.0312559	0	0	0	0	0	0	0	0	0	0	0	0	0	0	0	0	0	0	0	0	0	0	0	0	0	0	0	1	1	1	1	1	1	0	0	0	0	0	0	
6.5631	0	0	0	0	0	0	0	0	0	0	0	0	0.0302857	0.0302857	0.0302857	0	0	0	0	0	0	0	0	0	0	0	0	0	0	0	0	0	0	0	0	0	0	0	0	0	0	0	1	1	1	1	1	1	0	0	0	0	0	0	
6.5798	0	0	0	0	0	0	0	0	0	0	0	0	0.0291181	0.0291181	0.0291181	0	0	0	0	0	0	0	0	0	0	0	0	0	0	0	0	0	0	0	0	0	0	0	0	0	0	0	1	1	1	1	1	1	0	0	0	0	0	0	
6.5965	0	0	0	0	0	0	0	0	0	0	0	0	0.0277369	0.0277369	0.0277369	0	0	0	0	0	0	0	0	0	0	0	0	0	0	0	0	0	0	0	0	0	0	0	0	0	0	0	1	1	1	1	1	1	0	0	0	0	0	0	
6.6132	0	0	0	0	0	0	0	0	0	0	0	0	0.025876	0.025876	0.025876	0	0	0	0	0	0	0	0	0	0	0	0	0	0	0	0	0	0	0	0	0	0	0	0	0	0	0	1	1	1	1	1	1	0	0	0	0	0	0	
6.6299	0	0	0	0	0	0	0	0	0	0	0	0	0.0237448	0.0237448	0.0237448	0	0	0	0	0	0	0	0	0	0	0	0	0	0	0	0	0	0	0	0	0	0	0	0	0	0	0	1	1	1	1	1	1	0	0	0	0	0	0	
6.6466	0	0	0	0	0	0	0	0	0	0	0	0	0.0212588	0.0212588	0.0212588	0	0	0	0	0	0	0	0	0	0	0	0	0	0	0	0	0	0	0	0	0	0	0	0	0	0	0	1	1	1	1	1	1	0	0	0	0	0	0	
6.6633	0	0	0	0	0	0	0	0	0	0	0	0	0.0181791	0.0181791	0.0181791	0	0	0	0	0	0	0	0	0	0	0	0	0	0	0	0	0	0	0	0	0	0	0	0	0	0	0	1	1	1	1	1	1	0	0	0	0	0	0	
6.68	0	0	0	0	0	0	0	0	0	0	0	0	0.0144264	0.0144264	0.0144264	0	0	0	0	0	0	0	0	0	0	0	0	0	0	0	0	0	0	0	0	0	0	0	0	0	0	0	1	1	1	1	1	1	0	0	0	0	0	0	
6.6967	0	0	0	0	0	0	0	0	0	0	0	0	0.0101348	0.0101348	0.0101348	0	0	0	0	0	0	0	0	0	0	0	0	0	0	0	0	0	0	0	0	0	0	0	0	0	0	0	1	1	1	1	1	1	0	0	0	0	0	0	
6.7134	0	0	0	0	0	0	0	0	0	0	0	0	0.00570468	0.00570468	0.00570468	0	0	0	0	0	0	0	0	0	0	0	0	0	0	0	0	0	0	0	0	0	0	0	0	0	0	0	1	1	1	1	1	1	0	0	0	0	0	0	
6.7301	0	0	0	0	0	0	0	0	0	0	0	0	0.00122513	0.00122513	0.00122513	0	0	0	0	0	0	0	0	0	0	0	0	0	0	0	0	0	0	0	0	0	0	0	0	0	0	0	1	1	1	1	1	1	0	0	0	0	0	0	
6.7468	0	0	0	0	0	0	0	0	0	0	0	0	0	0	0	0.00327524	0.00327524	0.00327524	0	0	0	0	0	0	0	0	0	0	0	0	0	0	0	0	0	0	0	0	0	0	0	0	1	1	1	1	1	1	0	0	0	0	0	0	
6.7635	0	0	0	0	0	0	0	0	0	0	0	0	0	0	0	0.00779994	0.00779994	0.00779994	0	0	0	0	0	0	0	0	0	0	0	0	0	0	0	0	0	0	0	0	0	0	0	0	1	1	1	1	1	1	0	0	0	0	0	0	
6.7802	0	0	0	0	0	0	0	0	0	0	0	0	0	0	0	0.0124003	0.0124003	0.0124003	0	0	0	0	0	0	0	0	0	0	0	0	0	0	0	0	0	0	0	0	0	0	0	0	1	1	1	1	1	1	0	0	0	0	0	0	
6.7969	0	0	0	0	0	0	0	0	0	0	0	0	0	0	0	0.0169805	0.0169805	0.0169805	0	0	0	0	0	0	0	0	0	0	0	0	0	0	0	0	0	0	0	0	0	0	0	0	1	1	1	1	1	1	0	0	0	0	0	0	
6.8136	0	0	0	0	0	0	0	0	0	0	0	0	0	0	0	0.0214128	0.0214128	0.0214128	0	0	0	0	0	0	0	0	0	0	0	0	0	0	0	0	0	0	0	0	0	0	0	0	1	1	1	1	1	1	0	0	0	0	0	0	
6.8303	0	0	0	0	0	0	0	0	0	0	0	0	0	0	0	0.0257185	0.0257185	0.0257185	0	0	0	0	0	0	0	0	0	0	0	0	0	0	0	0	0	0	0	0	0	0	0	0	1	1	1	1	1	1	0	0	0	0	0	0	
6.847	0	0	0	0	0	0	0	0	0	0	0	0	0	0	0	0.0291473	0.0291473	0.0291473	0	0	0	0	0	0	0	0	0	0	0	0	0	0	0	0	0	0	0	0	0	0	0	0	1	1	1	1	1	1	0	0	0	0	0	0	
6.8637	0	0	0	0	0	0	0	0	0	0	0	0	0	0	0	0.0317891	0.0317891	0.0317891	0	0	0	0	0	0	0	0	0	0	0	0	0	0	0	0	0	0	0	0	0	0	0	0	1	1	1	1	1	1	0	0	0	0	0	0	
6.8804	0	0	0	0	0	0	0	0	0	0	0	0	0	0	0	0.0337747	0.0337747	0.0337747	0	0	0	0	0	0	0	0	0	0	0	0	0	0	0	0	0	0	0	0	0	0	0	0	1	1	1	1	1	1	0	0	0	0	0	0	
6.8971	0	0	0	0	0	0	0	0	0	0	0	0	0	0	0	0.0352284	0.0352284	0.0352284	0	0	0	0	0	0	0	0	0	0	0	0	0	0	0	0	0	0	0	0	0	0	0	0	1	1	1	1	1	1	0	0	0	0	0	0	
6.9138	0	0	0	0	0	0	0	0	0	0	0	0	0	0	0	0.0364067	0.0364067	0.0364067	0	0	0	0	0	0	0	0	0	0	0	0	0	0	0	0	0	0	0	0	0	0	0	0	1	1	1	1	1	1	0	0	0	0	0	0	
6.9305	0	0	0	0	0	0	0	0	0	0	0	0	0	0	0	0.0372585	0.0372585	0.0372585	0	0	0	0	0	0	0	0	0	0	0	0	0	0	0	0	0	0	0	0	0	0	0	0	1	1	1	1	1	1	0	0	0	0	0	0	
6.9472	0	0	0	0	0	0	0	0	0	0	0	0	0	0	0	0.0379011	0.0379011	0.0379011	0	0	0	0	0	0	0	0	0	0	0	0	0	0	0	0	0	0	0	0	0	0	0	0	1	1	1	1	1	1	0	0	0	0	0	0	
6.9639	0	0	0	0	0	0	0	0	0	0	0	0	0	0	0	0.038257	0.038257	0.038257	0	0	0	0	0	0	0	0	0	0	0	0	0	0	0	0	0	0	0	0	0	0	0	0	1	1	1	1	1	1	0	0	0	0	0	0	
6.9806	0	0	0	0	0	0	0	0	0	0	0	0	0	0	0	0.0385442	0.0385442	0.0385442	0	0	0	0	0	0	0	0	0	0	0	0	0	0	0	0	0	0	0	0	0	0	0	0	1	1	1	1	1	1	0	0	0	0	0	0	
6.9973	0	0	0	0	0	0	0	0	0	0	0	0	0	0	0	0.0388615	0.0388615	0.0388615	0	0	0	0	0	0	0	0	0	0	0	0	0	0	0	0	0	0	0	0	0	0	0	0	1	1	1	1	1	1	0	0	0	0	0	0	
7.014	0	0	0	0	0	0	0	0	0	0	0	0	0	0	0	0.0392029	0.0392029	0.0392029	0	0	0	0	0	0	0	0	0	0	0	0	0	0	0	0	0	0	0	0	0	0	0	0	1	1	1	1	1	1	0	0	0	0	0	0	
7.0307	0	0	0	0	0	0	0	0	0	0	0	0	0	0	0	0.0396628	0.0396628	0.0396628	0	0	0	0	0	0	0	0	0	0	0	0	0	0	0	0	0	0	0	0	0	0	0	0	1	1	1	1	1	1	0	0	0	0	0	0	
7.0474	0	0	0	0	0	0	0	0	0	0	0	0	0	0	0	0.0403173	0.0403173	0.0403173	0	0	0	0	0	0	0	0	0	0	0	0	0	0	0	0	0	0	0	0	0	0	0	0	1	1	1	1	1	1	0	0	0	0	0	0	
7.0641	0	0	0	0	0	0	0	0	0	0	0	0	0	0	0	0.0413104	0.0413104	0.0413104	0	0	0	0	0	0	0	0	0	0	0	0	0	0	0	0	0	0	0	0	0	0	0	0	1	1	1	1	1	1	0	0	0	0	0	0	
7.0808	0	0	0	0	0	0	0	0	0	0	0	0	0	0	0	0.0426575	0.0426575	0.0426575	0	0	0	0	0	0	0	0	0	0	0	0	0	0	0	0	0	0	0	0	0	0	0	0	1	1	1	1	1	1	0	0	0	0	0	0	
7.0975	0	0	0	0	0	0	0	0	0	0	0	0	0	0	0	0.0444671	0.0444671	0.0444671	0	0	0	0	0	0	0	0	0	0	0	0	0	0	0	0	0	0	0	0	0	0	0	0	1	1	1	1	1	1	0	0	0	0	0	0	
7.1142	0	0	0	0	0	0	0	0	0	0	0	0	0	0	0	0.0466469	0.0466469	0.0466469	0	0	0	0	0	0	0	0	0	0	0	0	0	0	0	0	0	0	0	0	0	0	0	0	1	1	1	1	1	1	0	0	0	0	0	0	
7.1309	0	0	0	0	0	0	0	0	0	0	0	0	0	0	0	0.0492274	0.0492274	0.0492274	0	0	0	0	0	0	0	0	0	0	0	0	0	0	0	0	0	0	0	0	0	0	0	0	1	1	1	1	1	1	0	0	0	0	0	0	
7.1476	0	0	0	0	0	0	0	0	0	0	0	0	0	0	0	0.0521388	0.0521388	0.0521388	0	0	0	0	0	0	0	0	0	0	0	0	0	0	0	0	0	0	0	0	0	0	0	0	1	1	1	1	1	1	0	0	0	0	0	0	
7.1643	0	0	0	0	0	0	0	0	0	0	0	0	0	0	0	0.0546218	0.0546218	0.0546218	0	0	0	0	0	0	0	0	0	0	0	0	0	0	0	0	0	0	0	0	0	0	0	0	1	1	1	1	1	1	0	0	0	0	0	0	
7.181	0	0	0	0	0	0	0	0	0	0	0	0	0	0	0	0.0566338	0.0566338	0.0566338	0	0	0	0	0	0	0	0	0	0	0	0	0	0	0	0	0	0	0	0	0	0	0	0	1	1	1	1	1	1	0	0	0	0	0	0	
7.1977	0	0	0	0	0	0	0	0	0	0	0	0	0	0	0	0.0586437	0.0586437	0.0586437	0	0	0	0	0	0	0	0	0	0	0	0	0	0	0	0	0	0	0	0	0	0	0	0	1	1	1	1	1	1	0	0	0	0	0	0	
7.2144	0	0	0	0	0	0	0	0	0	0	0	0	0	0	0	0.0604598	0.0604598	0.0604598	0	0	0	0	0	0	0	0	0	0	0	0	0	0	0	0	0	0	0	0	0	0	0	0	1	1	1	1	1	1	0	0	0	0	0	0	
7.2311	0	0	0	0	0	0	0	0	0	0	0	0	0	0	0	0.0625647	0.0625647	0.0625647	0	0	0	0	0	0	0	0	0	0	0	0	0	0	0	0	0	0	0	0	0	0	0	0	1	1	1	1	1	1	0	0	0	0	0	0	
7.2478	0	0	0	0	0	0	0	0	0	0	0	0	0	0	0	0.0649805	0.0649805	0.0649805	0	0	0	0	0	0	0	0	0	0	0	0	0	0	0	0	0	0	0	0	0	0	0	0	1	1	1	1	1	1	0	0	0	0	0	0	
7.2645	0	0	0	0	0	0	0	0	0	0	0	0	0	0	0	0.0673511	0.0673511	0.0673511	0	0	0	0	0	0	0	0	0	0	0	0	0	0	0	0	0	0	0	0	0	0	0	0	1	1	1	1	1	1	0	0	0	0	0	0	
7.2812	0	0	0	0	0	0	0	0	0	0	0	0	0	0	0	0.0697258	0.0697258	0.0697258	0	0	0	0	0	0	0	0	0	0	0	0	0	0	0	0	0	0	0	0	0	0	0	0	1	1	1	1	1	1	0	0	0	0	0	0	
7.2979	0	0	0	0	0	0	0	0	0	0	0	0	0	0	0	0.0722283	0.0722283	0.0722283	0	0	0	0	0	0	0	0	0	0	0	0	0	0	0	0	0	0	0	0	0	0	0	0	1	1	1	1	1	1	0	0	0	0	0	0	
7.3146	0	0	0	0	0	0	0	0	0	0	0	0	0	0	0	0.074765	0.074765	0.074765	0	0	0	0	0	0	0	0	0	0	0	0	0	0	0	0	0	0	0	0	0	0	0	0	1	1	1	1	1	1	0	0	0	0	0	0	
7.3313	0	0	0	0	0	0	0	0	0	0	0	0	0	0	0	0.0772405	0.0772405	0.0772405	0	0	0	0	0	0	0	0	0	0	0	0	0	0	0	0	0	0	0	0	0	0	0	0	1	1	1	1	1	1	0	0	0	0	0	0	
7.348	0	0	0	0	0	0	0	0	0	0	0	0	0	0	0	0.0795364	0.0795364	0.0795364	0	0	0	0	0	0	0	0	0	0	0	0	0	0	0	0	0	0	0	0	0	0	0	0	1	1	1	1	1	1	0	0	0	0	0	0	
7.3647	0	0	0	0	0	0	0	0	0	0	0	0	0	0	0	0.0812282	0.0812282	0.0812282	0	0	0	0	0	0	0	0	0	0	0	0	0	0	0	0	0	0	0	0	0	0	0	0	1	1	1	1	1	1	0	0	0	0	0	0	
7.3814	0	0	0	0	0	0	0	0	0	0	0	0	0	0	0	0.0821225	0.0821225	0.0821225	0	0	0	0	0	0	0	0	0	0	0	0	0	0	0	0	0	0	0	0	0	0	0	0	1	1	1	1	1	1	0	0	0	0	0	0	
7.3981	0	0	0	0	0	0	0	0	0	0	0	0	0	0	0	0.0823499	0.0823499	0.0823499	0	0	0	0	0	0	0	0	0	0	0	0	0	0	0	0	0	0	0	0	0	0	0	0	1	1	1	1	1	1	0	0	0	0	0	0	
7.4148	0	0	0	0	0	0	0	0	0	0	0	0	0	0	0	0.0819871	0.0819871	0.0819871	0	0	0	0	0	0	0	0	0	0	0	0	0	0	0	0	0	0	0	0	0	0	0	0	1	1	1	1	1	1	0	0	0	0	0	0	
7.4315	0	0	0	0	0	0	0	0	0	0	0	0	0	0	0	0.0818033	0.0818033	0.0818033	0	0	0	0	0	0	0	0	0	0	0	0	0	0	0	0	0	0	0	0	0	0	0	0	1	1	1	1	1	1	0	0	0	0	0	0	
7.4482	0	0	0	0	0	0	0	0	0	0	0	0	0	0	0	0.0817665	0.0817665	0.0817665	0	0	0	0	0	0	0	0	0	0	0	0	0	0	0	0	0	0	0	0	0	0	0	0	1	1	1	1	1	1	0	0	0	0	0	0	
7.4649	0	0	0	0	0	0	0	0	0	0	0	0	0	0	0	0.0816036	0.0816036	0.0816036	0	0	0	0	0	0	0	0	0	0	0	0	0	0	0	0	0	0	0	0	0	0	0	0	1	1	1	1	1	1	0	0	0	0	0	0	
7.4816	0	0	0	0	0	0	0	0	0	0	0	0	0	0	0	0.081245	0.081245	0.081245	0	0	0	0	0	0	0	0	0	0	0	0	0	0	0	0	0	0	0	0	0	0	0	0	1	1	1	1	1	1	0	0	0	0	0	0	
7.4983	0	0	0	0	0	0	0	0	0	0	0	0	0	0	0	0.0805878	0.0805878	0.0805878	0	0	0	0	0	0	0	0	0	0	0	0	0	0	0	0	0	0	0	0	0	0	0	0	1	1	1	1	1	1	0	0	0	0	0	0	
7.515	0	0	0	0	0	0	0	0	0	0	0	0	0	0	0	0.0798579	0.0798579	0.0798579	0	0	0	0	0	0	0	0	0	0	0	0	0	0	0	0	0	0	0	0	0	0	0	0	1	1	1	1	1	1	0	0	0	0	0	0	
7.5317	0	0	0	0	0	0	0	0	0	0	0	0	0	0	0	0.0792834	0.0792834	0.0792834	0	0	0	0	0	0	0	0	0	0	0	0	0	0	0	0	0	0	0	0	0	0	0	0	1	1	1	1	1	1	0	0	0	0	0	0	
7.5484	0	0	0	0	0	0	0	0	0	0	0	0	0	0	0	0.0787218	0.0787218	0.0787218	0	0	0	0	0	0	0	0	0	0	0	0	0	0	0	0	0	0	0	0	0	0	0	0	1	1	1	1	1	1	0	0	0	0	0	0	
7.5651	0	0	0	0	0	0	0	0	0	0	0	0	0	0	0	0.0786563	0.0786563	0.0786563	0	0	0	0	0	0	0	0	0	0	0	0	0	0	0	0	0	0	0	0	0	0	0	0	1	1	1	1	1	1	0	0	0	0	0	0	
7.5818	0	0	0	0	0	0	0	0	0	0	0	0	0	0	0	0.0783458	0.0783458	0.0783458	0	0	0	0	0	0	0	0	0	0	0	0	0	0	0	0	0	0	0	0	0	0	0	0	1	1	1	1	1	1	0	0	0	0	0	0	
7.5985	0	0	0	0	0	0	0	0	0	0	0	0	0	0	0	0.0775533	0.0775533	0.0775533	0	0	0	0	0	0	0	0	0	0	0	0	0	0	0	0	0	0	0	0	0	0	0	0	1	1	1	1	1	1	0	0	0	0	0	0	
7.6152	0	0	0	0	0	0	0	0	0	0	0	0	0	0	0	0.0773305	0.0773305	0.0773305	0	0	0	0	0	0	0	0	0	0	0	0	0	0	0	0	0	0	0	0	0	0	0	0	1	1	1	1	1	1	0	0	0	0	0	0	
7.6319	0	0	0	0	0	0	0	0	0	0	0	0	0	0	0	0.0778299	0.0778299	0.0778299	0	0	0	0	0	0	0	0	0	0	0	0	0	0	0	0	0	0	0	0	0	0	0	0	1	1	1	1	1	1	0	0	0	0	0	0	
7.6486	0	0	0	0	0	0	0	0	0	0	0	0	0	0	0	0.0790216	0.0790216	0.0790216	0	0	0	0	0	0	0	0	0	0	0	0	0	0	0	0	0	0	0	0	0	0	0	0	1	1	1	1	1	1	0	0	0	0	0	0	
7.6653	0	0	0	0	0	0	0	0	0	0	0	0	0	0	0	0.0807713	0.0807713	0.0807713	0	0	0	0	0	0	0	0	0	0	0	0	0	0	0	0	0	0	0	0	0	0	0	0	1	1	1	1	1	1	0	0	0	0	0	0	
7.682	0	0	0	0	0	0	0	0	0	0	0	0	0	0	0	0.0830598	0.0830598	0.0830598	0	0	0	0	0	0	0	0	0	0	0	0	0	0	0	0	0	0	0	0	0	0	0	0	1	1	1	1	1	1	0	0	0	0	0	0	
7.6987	0	0	0	0	0	0	0	0	0	0	0	0	0	0	0	0.0858453	0.0858453	0.0858453	0	0	0	0	0	0	0	0	0	0	0	0	0	0	0	0	0	0	0	0	0	0	0	0	1	1	1	1	1	1	0	0	0	0	0	0	
7.7154	0	0	0	0	0	0	0	0	0	0	0	0	0	0	0	0.0889178	0.0889178	0.0889178	0	0	0	0	0	0	0	0	0	0	0	0	0	0	0	0	0	0	0	0	0	0	0	0	1	1	1	1	1	1	0	0	0	0	0	0	
7.7321	0	0	0	0	0	0	0	0	0	0	0	0	0	0	0	0.091876	0.091876	0.091876	0	0	0	0	0	0	0	0	0	0	0	0	0	0	0	0	0	0	0	0	0	0	0	0	1	1	1	1	1	1	0	0	0	0	0	0	
7.7488	0	0	0	0	0	0	0	0	0	0	0	0	0	0	0	0.0947848	0.0947848	0.0947848	0	0	0	0	0	0	0	0	0	0	0	0	0	0	0	0	0	0	0	0	0	0	0	0	1	1	1	1	1	1	0	0	0	0	0	0	
7.7655	0	0	0	0	0	0	0	0	0	0	0	0	0	0	0	0.0974286	0.0974286	0.0974286	0	0	0	0	0	0	0	0	0	0	0	0	0	0	0	0	0	0	0	0	0	0	0	0	1	1	1	1	1	1	0	0	0	0	0	0	
7.7822	0	0	0	0	0	0	0	0	0	0	0	0	0	0	0	0.0997864	0.0997864	0.0997864	0	0	0	0	0	0	0	0	0	0	0	0	0	0	0	0	0	0	0	0	0	0	0	0	1	1	1	1	1	1	0	0	0	0	0	0	
7.7989	0	0	0	0	0	0	0	0	0	0	0	0	0	0	0	0.101811	0.101811	0.101811	0	0	0	0	0	0	0	0	0	0	0	0	0	0	0	0	0	0	0	0	0	0	0	0	1	1	1	1	1	1	0	0	0	0	0	0	
7.8156	0	0	0	0	0	0	0	0	0	0	0	0	0	0	0	0.103462	0.103462	0.103462	0	0	0	0	0	0	0	0	0	0	0	0	0	0	0	0	0	0	0	0	0	0	0	0	1	1	1	1	1	1	0	0	0	0	0	0	
7.8323	0	0	0	0	0	0	0	0	0	0	0	0	0	0	0	0.104684	0.104684	0.104684	0	0	0	0	0	0	0	0	0	0	0	0	0	0	0	0	0	0	0	0	0	0	0	0	1	1	1	1	1	1	0	0	0	0	0	0	
7.849	0	0	0	0	0	0	0	0	0	0	0	0	0	0	0	0.105415	0.105415	0.105415	0	0	0	0	0	0	0	0	0	0	0	0	0	0	0	0	0	0	0	0	0	0	0	0	1	1	1	1	1	1	0	0	0	0	0	0	
7.8657	0	0	0	0	0	0	0	0	0	0	0	0	0	0	0	0.105599	0.105599	0.105599	0	0	0	0	0	0	0	0	0	0	0	0	0	0	0	0	0	0	0	0	0	0	0	0	1	1	1	1	1	1	0	0	0	0	0	0	
7.8824	0	0	0	0	0	0	0	0	0	0	0	0	0	0	0	0.105334	0.105334	0.105334	0	0	0	0	0	0	0	0	0	0	0	0	0	0	0	0	0	0	0	0	0	0	0	0	1	1	1	1	1	1	0	0	0	0	0	0	
7.8991	0	0	0	0	0	0	0	0	0	0	0	0	0	0	0	0.104676	0.104676	0.104676	0	0	0	0	0	0	0	0	0	0	0	0	0	0	0	0	0	0	0	0	0	0	0	0	1	1	1	1	1	1	0	0	0	0	0	0	
7.9158	0	0	0	0	0	0	0	0	0	0	0	0	0	0	0	0.103649	0.103649	0.103649	0	0	0	0	0	0	0	0	0	0	0	0	0	0	0	0	0	0	0	0	0	0	0	0	1	1	1	1	1	1	0	0	0	0	0	0	
7.9325	0	0	0	0	0	0	0	0	0	0	0	0	0	0	0	0.102268	0.102268	0.102268	0	0	0	0	0	0	0	0	0	0	0	0	0	0	0	0	0	0	0	0	0	0	0	0	1	1	1	1	1	1	0	0	0	0	0	0	
7.9492	0	0	0	0	0	0	0	0	0	0	0	0	0	0	0	0.100549	0.100549	0.100549	0	0	0	0	0	0	0	0	0	0	0	0	0	0	0	0	0	0	0	0	0	0	0	0	1	1	1	1	1	1	0	0	0	0	0	0	
7.9659	0	0	0	0	0	0	0	0	0	0	0	0	0	0	0	0.0984909	0.0984909	0.0984909	0	0	0	0	0	0	0	0	0	0	0	0	0	0	0	0	0	0	0	0	0	0	0	0	1	1	1	1	1	1	0	0	0	0	0	0	
