sim_time	behavior_0leg_0	behavior_0leg_1	behavior_0leg_2	behavior_0leg_3	behavior_0leg_4	behavior_0leg_5	behavior_1leg_0	behavior_1leg_1	behavior_1leg_2	behavior_1leg_3	behavior_1leg_4	behavior_1leg_5	behavior_2leg_0	behavior_2leg_1	behavior_2leg_2	behavior_2leg_3	behavior_2leg_4	behavior_2leg_5	behavior_3leg_0	behavior_3leg_1	behavior_3leg_2	behavior_3leg_3	behavior_3leg_4	behavior_3leg_5	behavior_4leg_0	behavior_4leg_1	behavior_4leg_2	behavior_4leg_3	behavior_4leg_4	behavior_4leg_5	behavior_5leg_0	behavior_5leg_1	behavior_5leg_2	behavior_5leg_3	behavior_5leg_4	behavior_5leg_5	behavior_6leg_0	behavior_6leg_1	behavior_6leg_2	behavior_6leg_3	behavior_6leg_4	behavior_6leg_5	behavior_7leg_0	behavior_7leg_1	behavior_7leg_2	behavior_7leg_3	behavior_7leg_4	behavior_7leg_5	behavior_8leg_0	behavior_8leg_1	behavior_8leg_2	behavior_8leg_3	behavior_8leg_4	behavior_8leg_5	
0	0	0	0	0	0	0	0	0	0	0	0	0	0	0	0	0	0	0	0	0	0	0	0	0	0	0	0	0	0	0	0	0	0	0	0	0	0	0	0	0	0	0	1	1	1	1	1	1	0	0	0	0	0	0	
0	0	0	0	0	0	0	0	0	0	0	0	0	0	0	0	0	0	0	0	0	0	0	0	0	0	0	0	0	0	0	0	0	0	0	0	0	0	0	0	0	0	0	1	1	1	1	1	1	0	0	0	0	0	0	
0	0	0	0	0	0	0	0	0	0	0	0	0	0	0	0	0	0	0	0	0	0	0	0	0	0	0	0	0	0	0	0	0	0	0	0	0	0	0	0	0	0	0	1	1	1	1	1	1	0	0	0	0	0	0	
0	0	0	0	0	0	0	0	0	0	0	0	0	0	0	0	0	0	0	0	0	0	0	0	0	0	0	0	0	0	0	0	0	0	0	0	0	0	0	0	0	0	0	1	1	1	1	1	1	0	0	0	0	0	0	
0	0	0	0	0	0	0	0	0	0	0	0	0	0	0	0	0	0	0	0	0	0	0	0	0	0	0	0	0	0	0	0	0	0	0	0	0	0	0	0	0	0	0	1	1	1	1	1	1	0	0	0	0	0	0	
0	0	0	0	0	0	0	0	0	0	0	0	0	0	0	0	0	0	0	0	0	0	0	0	0	0	0	0	0	0	0	0	0	0	0	0	0	0	0	0	0	0	0	1	1	1	1	1	1	0	0	0	0	0	0	
0	0	0	0	0	0	0	0	0	0	0	0	0	0	0	0	0	0	0	0	0	0	0	0	0	0	0	0	0	0	0	0	0	0	0	0	0	0	0	0	0	0	0	1	1	1	1	1	1	0	0	0	0	0	0	
0	0	0	0	0	0	0	0	0	0	0	0	0	0	0	0	0	0	0	0	0	0	0	0	0	0	0	0	0	0	0	0	0	0	0	0	0	0	0	0	0	0	0	1	1	1	1	1	1	0	0	0	0	0	0	
0	0	0	0	0	0	0	0	0	0	0	0	0	0	0	0	0	0	0	0	0	0	0	0	0	0	0	0	0	0	0	0	0	0	0	0	0	0	0	0	0	0	0	1	1	1	1	1	1	0	0	0	0	0	0	
0	0	0	0	0	0	0	0	0	0	0	0	0	0	0	0	0	0	0	0	0	0	0	0	0	0	0	0	0	0	0	0	0	0	0	0	0	0	0	0	0	0	0	1	1	1	1	1	1	0	0	0	0	0	0	
0	0	0	0	0	0	0	0	0	0	0	0	0	0	0	0	0	0	0	0	0	0	0	0	0	0	0	0	0	0	0	0	0	0	0	0	0	0	0	0	0	0	0	1	1	1	1	1	1	0	0	0	0	0	0	
0	0	0	0	0	0	0	0	0	0	0	0	0	0	0	0	0	0	0	0	0	0	0	0	0	0	0	0	0	0	0	0	0	0	0	0	0	0	0	0	0	0	0	1	1	1	1	1	1	0	0	0	0	0	0	
0.1837	0	0	0	0	0	0	0	0	0	0	0	0	0.00142923	0.00142923	0.00142923	0	0	0	0	0	0	0	0	0	0	0	0	0	0	0	0	0	0	0	0	0	0	0	0	0	0	0	1	1	1	1	1	1	0	0	0	0	0	0	
0.2004	0	0	0	0	0	0	0	0	0	0	0	0	0.00316071	0.00316071	0.00316071	0	0	0	0	0	0	0	0	0	0	0	0	0	0	0	0	0	0	0	0	0	0	0	0	0	0	0	1	1	1	1	1	1	0	0	0	0	0	0	
0.2171	0	0	0	0	0	0	0	0	0	0	0	0	0.00427879	0.00427879	0.00427879	0	0	0	0	0	0	0	0	0	0	0	0	0	0	0	0	0	0	0	0	0	0	0	0	0	0	0	1	1	1	1	1	1	0	0	0	0	0	0	
0.2338	0	0	0	0	0	0	0	0	0	0	0	0	0.00473662	0.00473662	0.00473662	0	0	0	0	0	0	0	0	0	0	0	0	0	0	0	0	0	0	0	0	0	0	0	0	0	0	0	1	1	1	1	1	1	0	0	0	0	0	0	
0.2505	0	0	0	0	0	0	0	0	0	0	0	0	0.00478014	0.00478014	0.00478014	0	0	0	0	0	0	0	0	0	0	0	0	0	0	0	0	0	0	0	0	0	0	0	0	0	0	0	1	1	1	1	1	1	0	0	0	0	0	0	
0.2672	0	0	0	0	0	0	0	0	0	0	0	0	0.0044837	0.0044837	0.0044837	0	0	0	0	0	0	0	0	0	0	0	0	0	0	0	0	0	0	0	0	0	0	0	0	0	0	0	1	1	1	1	1	1	0	0	0	0	0	0	
0.2839	0	0	0	0	0	0	0	0	0	0	0	0	0.00371006	0.00371006	0.00371006	0	0	0	0	0	0	0	0	0	0	0	0	0	0	0	0	0	0	0	0	0	0	0	0	0	0	0	1	1	1	1	1	1	0	0	0	0	0	0	
0.3006	0	0	0	0	0	0	0	0	0	0	0	0	0.00269948	0.00269948	0.00269948	0	0	0	0	0	0	0	0	0	0	0	0	0	0	0	0	0	0	0	0	0	0	0	0	0	0	0	1	1	1	1	1	1	0	0	0	0	0	0	
0.3173	0	0	0	0	0	0	0	0	0	0	0	0	0.00203144	0.00203144	0.00203144	0	0	0	0	0	0	0	0	0	0	0	0	0	0	0	0	0	0	0	0	0	0	0	0	0	0	0	1	1	1	1	1	1	0	0	0	0	0	0	
0.334	0	0	0	0	0	0	0	0	0	0	0	0	0.00152992	0.00152992	0.00152992	0	0	0	0	0	0	0	0	0	0	0	0	0	0	0	0	0	0	0	0	0	0	0	0	0	0	0	1	1	1	1	1	1	0	0	0	0	0	0	
0.3507	0	0	0	0	0	0	0	0	0	0	0	0	0.00118241	0.00118241	0.00118241	0	0	0	0	0	0	0	0	0	0	0	0	0	0	0	0	0	0	0	0	0	0	0	0	0	0	0	1	1	1	1	1	1	0	0	0	0	0	0	
0.3674	0	0	0	0	0	0	0	0	0	0	0	0	0.00103407	0.00103407	0.00103407	0	0	0	0	0	0	0	0	0	0	0	0	0	0	0	0	0	0	0	0	0	0	0	0	0	0	0	1	1	1	1	1	1	0	0	0	0	0	0	
0.3841	0	0	0	0	0	0	0	0	0	0	0	0	0.00114444	0.00114444	0.00114444	0	0	0	0	0	0	0	0	0	0	0	0	0	0	0	0	0	0	0	0	0	0	0	0	0	0	0	1	1	1	1	1	1	0	0	0	0	0	0	
0.4008	0	0	0	0	0	0	0	0	0	0	0	0	0.00146623	0.00146623	0.00146623	0	0	0	0	0	0	0	0	0	0	0	0	0	0	0	0	0	0	0	0	0	0	0	0	0	0	0	1	1	1	1	1	1	0	0	0	0	0	0	
0.4175	0	0	0	0	0	0	0	0	0	0	0	0	0.00184974	0.00184974	0.00184974	0	0	0	0	0	0	0	0	0	0	0	0	0	0	0	0	0	0	0	0	0	0	0	0	0	0	0	1	1	1	1	1	1	0	0	0	0	0	0	
0.4342	0	0	0	0	0	0	0	0	0	0	0	0	0.00226048	0.00226048	0.00226048	0	0	0	0	0	0	0	0	0	0	0	0	0	0	0	0	0	0	0	0	0	0	0	0	0	0	0	1	1	1	1	1	1	0	0	0	0	0	0	
0.4509	0	0	0	0	0	0	0	0	0	0	0	0	0.00269636	0.00269636	0.00269636	0	0	0	0	0	0	0	0	0	0	0	0	0	0	0	0	0	0	0	0	0	0	0	0	0	0	0	1	1	1	1	1	1	0	0	0	0	0	0	
0.4676	0	0	0	0	0	0	0	0	0	0	0	0	0.00319061	0.00319061	0.00319061	0	0	0	0	0	0	0	0	0	0	0	0	0	0	0	0	0	0	0	0	0	0	0	0	0	0	0	1	1	1	1	1	1	0	0	0	0	0	0	
0.4843	0	0	0	0	0	0	0	0	0	0	0	0	0.00369102	0.00369102	0.00369102	0	0	0	0	0	0	0	0	0	0	0	0	0	0	0	0	0	0	0	0	0	0	0	0	0	0	0	1	1	1	1	1	1	0	0	0	0	0	0	
0.501	0	0	0	0	0	0	0	0	0	0	0	0	0.0043151	0.0043151	0.0043151	0	0	0	0	0	0	0	0	0	0	0	0	0	0	0	0	0	0	0	0	0	0	0	0	0	0	0	1	1	1	1	1	1	0	0	0	0	0	0	
0.5177	0	0	0	0	0	0	0	0	0	0	0	0	0.00494373	0.00494373	0.00494373	0	0	0	0	0	0	0	0	0	0	0	0	0	0	0	0	0	0	0	0	0	0	0	0	0	0	0	1	1	1	1	1	1	0	0	0	0	0	0	
0.5344	0	0	0	0	0	0	0	0	0	0	0	0	0.00560138	0.00560138	0.00560138	0	0	0	0	0	0	0	0	0	0	0	0	0	0	0	0	0	0	0	0	0	0	0	0	0	0	0	1	1	1	1	1	1	0	0	0	0	0	0	
0.5511	0	0	0	0	0	0	0	0	0	0	0	0	0.00624429	0.00624429	0.00624429	0	0	0	0	0	0	0	0	0	0	0	0	0	0	0	0	0	0	0	0	0	0	0	0	0	0	0	1	1	1	1	1	1	0	0	0	0	0	0	
0.5678	0	0	0	0	0	0	0	0	0	0	0	0	0.006807	0.006807	0.006807	0	0	0	0	0	0	0	0	0	0	0	0	0	0	0	0	0	0	0	0	0	0	0	0	0	0	0	1	1	1	1	1	1	0	0	0	0	0	0	
0.5845	0	0	0	0	0	0	0	0	0	0	0	0	0.00730987	0.00730987	0.00730987	0	0	0	0	0	0	0	0	0	0	0	0	0	0	0	0	0	0	0	0	0	0	0	0	0	0	0	1	1	1	1	1	1	0	0	0	0	0	0	
0.6012	0	0	0	0	0	0	0	0	0	0	0	0	0.00774361	0.00774361	0.00774361	0	0	0	0	0	0	0	0	0	0	0	0	0	0	0	0	0	0	0	0	0	0	0	0	0	0	0	1	1	1	1	1	1	0	0	0	0	0	0	
0.6179	0	0	0	0	0	0	0	0	0	0	0	0	0.0081664	0.0081664	0.0081664	0	0	0	0	0	0	0	0	0	0	0	0	0	0	0	0	0	0	0	0	0	0	0	0	0	0	0	1	1	1	1	1	1	0	0	0	0	0	0	
0.6346	0	0	0	0	0	0	0	0	0	0	0	0	0.00856245	0.00856245	0.00856245	0	0	0	0	0	0	0	0	0	0	0	0	0	0	0	0	0	0	0	0	0	0	0	0	0	0	0	1	1	1	1	1	1	0	0	0	0	0	0	
0.6513	0	0	0	0	0	0	0	0	0	0	0	0	0.00902406	0.00902406	0.00902406	0	0	0	0	0	0	0	0	0	0	0	0	0	0	0	0	0	0	0	0	0	0	0	0	0	0	0	1	1	1	1	1	1	0	0	0	0	0	0	
0.668	0	0	0	0	0	0	0	0	0	0	0	0	0.00977078	0.00977078	0.00977078	0	0	0	0	0	0	0	0	0	0	0	0	0	0	0	0	0	0	0	0	0	0	0	0	0	0	0	1	1	1	1	1	1	0	0	0	0	0	0	
0.6847	0	0	0	0	0	0	0	0	0	0	0	0	0.0105332	0.0105332	0.0105332	0	0	0	0	0	0	0	0	0	0	0	0	0	0	0	0	0	0	0	0	0	0	0	0	0	0	0	1	1	1	1	1	1	0	0	0	0	0	0	
0.7014	0	0	0	0	0	0	0	0	0	0	0	0	0.0112134	0.0112134	0.0112134	0	0	0	0	0	0	0	0	0	0	0	0	0	0	0	0	0	0	0	0	0	0	0	0	0	0	0	1	1	1	1	1	1	0	0	0	0	0	0	
0.7181	0	0	0	0	0	0	0	0	0	0	0	0	0.0122606	0.0122606	0.0122606	0	0	0	0	0	0	0	0	0	0	0	0	0	0	0	0	0	0	0	0	0	0	0	0	0	0	0	1	1	1	1	1	1	0	0	0	0	0	0	
0.7348	0	0	0	0	0	0	0	0	0	0	0	0	0.0134016	0.0134016	0.0134016	0	0	0	0	0	0	0	0	0	0	0	0	0	0	0	0	0	0	0	0	0	0	0	0	0	0	0	1	1	1	1	1	1	0	0	0	0	0	0	
0.7515	0	0	0	0	0	0	0	0	0	0	0	0	0.0146092	0.0146092	0.0146092	0	0	0	0	0	0	0	0	0	0	0	0	0	0	0	0	0	0	0	0	0	0	0	0	0	0	0	1	1	1	1	1	1	0	0	0	0	0	0	
0.7682	0	0	0	0	0	0	0	0	0	0	0	0	0.0158863	0.0158863	0.0158863	0	0	0	0	0	0	0	0	0	0	0	0	0	0	0	0	0	0	0	0	0	0	0	0	0	0	0	1	1	1	1	1	1	0	0	0	0	0	0	
0.7849	0	0	0	0	0	0	0	0	0	0	0	0	0.0171028	0.0171028	0.0171028	0	0	0	0	0	0	0	0	0	0	0	0	0	0	0	0	0	0	0	0	0	0	0	0	0	0	0	1	1	1	1	1	1	0	0	0	0	0	0	
0.8016	0	0	0	0	0	0	0	0	0	0	0	0	0.0181007	0.0181007	0.0181007	0	0	0	0	0	0	0	0	0	0	0	0	0	0	0	0	0	0	0	0	0	0	0	0	0	0	0	1	1	1	1	1	1	0	0	0	0	0	0	
0.8183	0	0	0	0	0	0	0	0	0	0	0	0	0.0187479	0.0187479	0.0187479	0	0	0	0	0	0	0	0	0	0	0	0	0	0	0	0	0	0	0	0	0	0	0	0	0	0	0	1	1	1	1	1	1	0	0	0	0	0	0	
0.835	0	0	0	0	0	0	0	0	0	0	0	0	0.0185528	0.0185528	0.0185528	0	0	0	0	0	0	0	0	0	0	0	0	0	0	0	0	0	0	0	0	0	0	0	0	0	0	0	1	1	1	1	1	1	0	0	0	0	0	0	
0.8517	0	0	0	0	0	0	0	0	0	0	0	0	0.0173369	0.0173369	0.0173369	0	0	0	0	0	0	0	0	0	0	0	0	0	0	0	0	0	0	0	0	0	0	0	0	0	0	0	1	1	1	1	1	1	0	0	0	0	0	0	
0.8684	0	0	0	0	0	0	0	0	0	0	0	0	0.0154249	0.0154249	0.0154249	0	0	0	0	0	0	0	0	0	0	0	0	0	0	0	0	0	0	0	0	0	0	0	0	0	0	0	1	1	1	1	1	1	0	0	0	0	0	0	
0.8851	0	0	0	0	0	0	0	0	0	0	0	0	0.013393	0.013393	0.013393	0	0	0	0	0	0	0	0	0	0	0	0	0	0	0	0	0	0	0	0	0	0	0	0	0	0	0	1	1	1	1	1	1	0	0	0	0	0	0	
0.9018	0	0	0	0	0	0	0	0	0	0	0	0	0.0112319	0.0112319	0.0112319	0	0	0	0	0	0	0	0	0	0	0	0	0	0	0	0	0	0	0	0	0	0	0	0	0	0	0	1	1	1	1	1	1	0	0	0	0	0	0	
0.9185	0	0	0	0	0	0	0	0	0	0	0	0	0.00886166	0.00886166	0.00886166	0	0	0	0	0	0	0	0	0	0	0	0	0	0	0	0	0	0	0	0	0	0	0	0	0	0	0	1	1	1	1	1	1	0	0	0	0	0	0	
0.9352	0	0	0	0	0	0	0	0	0	0	0	0	0.00604052	0.00604052	0.00604052	0	0	0	0	0	0	0	0	0	0	0	0	0	0	0	0	0	0	0	0	0	0	0	0	0	0	0	1	1	1	1	1	1	0	0	0	0	0	0	
0.9519	0	0	0	0	0	0	0	0	0	0	0	0	0.00319921	0.00319921	0.00319921	0	0	0	0	0	0	0	0	0	0	0	0	0	0	0	0	0	0	0	0	0	0	0	0	0	0	0	1	1	1	1	1	1	0	0	0	0	0	0	
0.9686	0	0	0	0	0	0	0	0	0	0	0	0	0.000482722	0.000482722	0.000482722	0	0	0	0	0	0	0	0	0	0	0	0	0	0	0	0	0	0	0	0	0	0	0	0	0	0	0	1	1	1	1	1	1	0	0	0	0	0	0	
0.9853	0	0	0	0	0	0	0	0	0	0	0	0	0	0	0	0.0023492	0.0023492	0.0023492	0	0	0	0	0	0	0	0	0	0	0	0	0	0	0	0	0	0	0	0	0	0	0	0	1	1	1	1	1	1	0	0	0	0	0	0	
1.002	0	0	0	0	0	0	0	0	0	0	0	0	0	0	0	0.00516939	0.00516939	0.00516939	0	0	0	0	0	0	0	0	0	0	0	0	0	0	0	0	0	0	0	0	0	0	0	0	1	1	1	1	1	1	0	0	0	0	0	0	
1.0187	0	0	0	0	0	0	0	0	0	0	0	0	0	0	0	0.00806391	0.00806391	0.00806391	0	0	0	0	0	0	0	0	0	0	0	0	0	0	0	0	0	0	0	0	0	0	0	0	1	1	1	1	1	1	0	0	0	0	0	0	
1.0354	0	0	0	0	0	0	0	0	0	0	0	0	0	0	0	0.0113277	0.0113277	0.0113277	0	0	0	0	0	0	0	0	0	0	0	0	0	0	0	0	0	0	0	0	0	0	0	0	1	1	1	1	1	1	0	0	0	0	0	0	
1.0521	0	0	0	0	0	0	0	0	0	0	0	0	0	0	0	0.014454	0.014454	0.014454	0	0	0	0	0	0	0	0	0	0	0	0	0	0	0	0	0	0	0	0	0	0	0	0	1	1	1	1	1	1	0	0	0	0	0	0	
1.0688	0	0	0	0	0	0	0	0	0	0	0	0	0	0	0	0.0172717	0.0172717	0.0172717	0	0	0	0	0	0	0	0	0	0	0	0	0	0	0	0	0	0	0	0	0	0	0	0	1	1	1	1	1	1	0	0	0	0	0	0	
1.0855	0	0	0	0	0	0	0	0	0	0	0	0	0	0	0	0.019805	0.019805	0.019805	0	0	0	0	0	0	0	0	0	0	0	0	0	0	0	0	0	0	0	0	0	0	0	0	1	1	1	1	1	1	0	0	0	0	0	0	
1.1022	0	0	0	0	0	0	0	0	0	0	0	0	0	0	0	0.0219627	0.0219627	0.0219627	0	0	0	0	0	0	0	0	0	0	0	0	0	0	0	0	0	0	0	0	0	0	0	0	1	1	1	1	1	1	0	0	0	0	0	0	
1.1189	0	0	0	0	0	0	0	0	0	0	0	0	0	0	0	0.0238628	0.0238628	0.0238628	0	0	0	0	0	0	0	0	0	0	0	0	0	0	0	0	0	0	0	0	0	0	0	0	1	1	1	1	1	1	0	0	0	0	0	0	
1.1356	0	0	0	0	0	0	0	0	0	0	0	0	0	0	0	0.0254327	0.0254327	0.0254327	0	0	0	0	0	0	0	0	0	0	0	0	0	0	0	0	0	0	0	0	0	0	0	0	1	1	1	1	1	1	0	0	0	0	0	0	
1.1523	0	0	0	0	0	0	0	0	0	0	0	0	0	0	0	0.0266868	0.0266868	0.0266868	0	0	0	0	0	0	0	0	0	0	0	0	0	0	0	0	0	0	0	0	0	0	0	0	1	1	1	1	1	1	0	0	0	0	0	0	
1.169	0	0	0	0	0	0	0	0	0	0	0	0	0	0	0	0.0278765	0.0278765	0.0278765	0	0	0	0	0	0	0	0	0	0	0	0	0	0	0	0	0	0	0	0	0	0	0	0	1	1	1	1	1	1	0	0	0	0	0	0	
1.1857	0	0	0	0	0	0	0	0	0	0	0	0	0	0	0	0.0292465	0.0292465	0.0292465	0	0	0	0	0	0	0	0	0	0	0	0	0	0	0	0	0	0	0	0	0	0	0	0	1	1	1	1	1	1	0	0	0	0	0	0	
1.2024	0	0	0	0	0	0	0	0	0	0	0	0	0	0	0	0.0310903	0.0310903	0.0310903	0	0	0	0	0	0	0	0	0	0	0	0	0	0	0	0	0	0	0	0	0	0	0	0	1	1	1	1	1	1	0	0	0	0	0	0	
1.2191	0	0	0	0	0	0	0	0	0	0	0	0	0	0	0	0.0328129	0.0328129	0.0328129	0	0	0	0	0	0	0	0	0	0	0	0	0	0	0	0	0	0	0	0	0	0	0	0	1	1	1	1	1	1	0	0	0	0	0	0	
1.2358	0	0	0	0	0	0	0	0	0	0	0	0	0	0	0	0.0345204	0.0345204	0.0345204	0	0	0	0	0	0	0	0	0	0	0	0	0	0	0	0	0	0	0	0	0	0	0	0	1	1	1	1	1	1	0	0	0	0	0	0	
1.2525	0	0	0	0	0	0	0	0	0	0	0	0	0	0	0	0.0361944	0.0361944	0.0361944	0	0	0	0	0	0	0	0	0	0	0	0	0	0	0	0	0	0	0	0	0	0	0	0	1	1	1	1	1	1	0	0	0	0	0	0	
1.2692	0	0	0	0	0	0	0	0	0	0	0	0	0	0	0	0.0380783	0.0380783	0.0380783	0	0	0	0	0	0	0	0	0	0	0	0	0	0	0	0	0	0	0	0	0	0	0	0	1	1	1	1	1	1	0	0	0	0	0	0	
1.2859	0	0	0	0	0	0	0	0	0	0	0	0	0	0	0	0.0406475	0.0406475	0.0406475	0	0	0	0	0	0	0	0	0	0	0	0	0	0	0	0	0	0	0	0	0	0	0	0	1	1	1	1	1	1	0	0	0	0	0	0	
1.3026	0	0	0	0	0	0	0	0	0	0	0	0	0	0	0	0.0438506	0.0438506	0.0438506	0	0	0	0	0	0	0	0	0	0	0	0	0	0	0	0	0	0	0	0	0	0	0	0	1	1	1	1	1	1	0	0	0	0	0	0	
1.3193	0	0	0	0	0	0	0	0	0	0	0	0	0	0	0	0.0477544	0.0477544	0.0477544	0	0	0	0	0	0	0	0	0	0	0	0	0	0	0	0	0	0	0	0	0	0	0	0	1	1	1	1	1	1	0	0	0	0	0	0	
1.336	0	0	0	0	0	0	0	0	0	0	0	0	0	0	0	0.0521417	0.0521417	0.0521417	0	0	0	0	0	0	0	0	0	0	0	0	0	0	0	0	0	0	0	0	0	0	0	0	1	1	1	1	1	1	0	0	0	0	0	0	
1.3527	0	0	0	0	0	0	0	0	0	0	0	0	0	0	0	0.0570022	0.0570022	0.0570022	0	0	0	0	0	0	0	0	0	0	0	0	0	0	0	0	0	0	0	0	0	0	0	0	1	1	1	1	1	1	0	0	0	0	0	0	
1.3694	0	0	0	0	0	0	0	0	0	0	0	0	0	0	0	0.0621211	0.0621211	0.0621211	0	0	0	0	0	0	0	0	0	0	0	0	0	0	0	0	0	0	0	0	0	0	0	0	1	1	1	1	1	1	0	0	0	0	0	0	
1.3861	0	0	0	0	0	0	0	0	0	0	0	0	0	0	0	0.0664558	0.0664558	0.0664558	0	0	0	0	0	0	0	0	0	0	0	0	0	0	0	0	0	0	0	0	0	0	0	0	1	1	1	1	1	1	0	0	0	0	0	0	
1.4028	0	0	0	0	0	0	0	0	0	0	0	0	0	0	0	0.0698622	0.0698622	0.0698622	0	0	0	0	0	0	0	0	0	0	0	0	0	0	0	0	0	0	0	0	0	0	0	0	1	1	1	1	1	1	0	0	0	0	0	0	
1.4195	0	0	0	0	0	0	0	0	0	0	0	0	0	0	0	0.0723493	0.0723493	0.0723493	0	0	0	0	0	0	0	0	0	0	0	0	0	0	0	0	0	0	0	0	0	0	0	0	1	1	1	1	1	1	0	0	0	0	0	0	
1.4362	0	0	0	0	0	0	0	0	0	0	0	0	0	0	0	0.0740131	0.0740131	0.0740131	0	0	0	0	0	0	0	0	0	0	0	0	0	0	0	0	0	0	0	0	0	0	0	0	1	1	1	1	1	1	0	0	0	0	0	0	
1.4529	0	0	0	0	0	0	0	0	0	0	0	0	0	0	0	0.0749837	0.0749837	0.0749837	0	0	0	0	0	0	0	0	0	0	0	0	0	0	0	0	0	0	0	0	0	0	0	0	1	1	1	1	1	1	0	0	0	0	0	0	
1.4696	0	0	0	0	0	0	0	0	0	0	0	0	0	0	0	0.0754783	0.0754783	0.0754783	0	0	0	0	0	0	0	0	0	0	0	0	0	0	0	0	0	0	0	0	0	0	0	0	1	1	1	1	1	1	0	0	0	0	0	0	
1.4863	0	0	0	0	0	0	0	0	0	0	0	0	0	0	0	0.0756717	0.0756717	0.0756717	0	0	0	0	0	0	0	0	0	0	0	0	0	0	0	0	0	0	0	0	0	0	0	0	1	1	1	1	1	1	0	0	0	0	0	0	
1.503	0	0	0	0	0	0	0	0	0	0	0	0	0	0	0	0.0757371	0.0757371	0.0757371	0	0	0	0	0	0	0	0	0	0	0	0	0	0	0	0	0	0	0	0	0	0	0	0	1	1	1	1	1	1	0	0	0	0	0	0	
1.5197	0	0	0	0	0	0	0	0	0	0	0	0	0	0	0	0.0755271	0.0755271	0.0755271	0	0	0	0	0	0	0	0	0	0	0	0	0	0	0	0	0	0	0	0	0	0	0	0	1	1	1	1	1	1	0	0	0	0	0	0	
1.5364	0	0	0	0	0	0	0	0	0	0	0	0	0	0	0	0.0750628	0.0750628	0.0750628	0	0	0	0	0	0	0	0	0	0	0	0	0	0	0	0	0	0	0	0	0	0	0	0	1	1	1	1	1	1	0	0	0	0	0	0	
1.5531	0	0	0	0	0	0	0	0	0	0	0	0	0	0	0	0.0743827	0.0743827	0.0743827	0	0	0	0	0	0	0	0	0	0	0	0	0	0	0	0	0	0	0	0	0	0	0	0	1	1	1	1	1	1	0	0	0	0	0	0	
1.5698	0	0	0	0	0	0	0	0	0	0	0	0	0	0	0	0.0733288	0.0733288	0.0733288	0	0	0	0	0	0	0	0	0	0	0	0	0	0	0	0	0	0	0	0	0	0	0	0	1	1	1	1	1	1	0	0	0	0	0	0	
1.5865	0	0	0	0	0	0	0	0	0	0	0	0	0	0	0	0.0720591	0.0720591	0.0720591	0	0	0	0	0	0	0	0	0	0	0	0	0	0	0	0	0	0	0	0	0	0	0	0	1	1	1	1	1	1	0	0	0	0	0	0	
1.6032	0	0	0	0	0	0	0	0	0	0	0	0	0	0	0	0.070755	0.070755	0.070755	0	0	0	0	0	0	0	0	0	0	0	0	0	0	0	0	0	0	0	0	0	0	0	0	1	1	1	1	1	1	0	0	0	0	0	0	
1.6199	0	0	0	0	0	0	0	0	0	0	0	0	0	0	0	0.069573	0.069573	0.069573	0	0	0	0	0	0	0	0	0	0	0	0	0	0	0	0	0	0	0	0	0	0	0	0	1	1	1	1	1	1	0	0	0	0	0	0	
1.6366	0	0	0	0	0	0	0	0	0	0	0	0	0	0	0	0.0684939	0.0684939	0.0684939	0	0	0	0	0	0	0	0	0	0	0	0	0	0	0	0	0	0	0	0	0	0	0	0	1	1	1	1	1	1	0	0	0	0	0	0	
1.6533	0	0	0	0	0	0	0	0	0	0	0	0	0	0	0	0.0675735	0.0675735	0.0675735	0	0	0	0	0	0	0	0	0	0	0	0	0	0	0	0	0	0	0	0	0	0	0	0	1	1	1	1	1	1	0	0	0	0	0	0	
1.67	0	0	0	0	0	0	0	0	0	0	0	0	0	0	0	0.0668514	0.0668514	0.0668514	0	0	0	0	0	0	0	0	0	0	0	0	0	0	0	0	0	0	0	0	0	0	0	0	1	1	1	1	1	1	0	0	0	0	0	0	
1.6867	0	0	0	0	0	0	0	0	0	0	0	0	0	0	0	0.0663302	0.0663302	0.0663302	0	0	0	0	0	0	0	0	0	0	0	0	0	0	0	0	0	0	0	0	0	0	0	0	1	1	1	1	1	1	0	0	0	0	0	0	
1.7034	0	0	0	0	0	0	0	0	0	0	0	0	0	0	0	0.0659719	0.0659719	0.0659719	0	0	0	0	0	0	0	0	0	0	0	0	0	0	0	0	0	0	0	0	0	0	0	0	1	1	1	1	1	1	0	0	0	0	0	0	
1.7201	0	0	0	0	0	0	0	0	0	0	0	0	0	0	0	0.06569	0.06569	0.06569	0	0	0	0	0	0	0	0	0	0	0	0	0	0	0	0	0	0	0	0	0	0	0	0	1	1	1	1	1	1	0	0	0	0	0	0	
1.7368	0	0	0	0	0	0	0	0	0	0	0	0	0	0	0	0.0653852	0.0653852	0.0653852	0	0	0	0	0	0	0	0	0	0	0	0	0	0	0	0	0	0	0	0	0	0	0	0	1	1	1	1	1	1	0	0	0	0	0	0	
1.7535	0	0	0	0	0	0	0	0	0	0	0	0	0	0	0	0.0649639	0.0649639	0.0649639	0	0	0	0	0	0	0	0	0	0	0	0	0	0	0	0	0	0	0	0	0	0	0	0	1	1	1	1	1	1	0	0	0	0	0	0	
1.7702	0	0	0	0	0	0	0	0	0	0	0	0	0	0	0	0.064374	0.064374	0.064374	0	0	0	0	0	0	0	0	0	0	0	0	0	0	0	0	0	0	0	0	0	0	0	0	1	1	1	1	1	1	0	0	0	0	0	0	
1.7869	0	0	0	0	0	0	0	0	0	0	0	0	0	0	0	0.0637167	0.0637167	0.0637167	0	0	0	0	0	0	0	0	0	0	0	0	0	0	0	0	0	0	0	0	0	0	0	0	1	1	1	1	1	1	0	0	0	0	0	0	
1.8036	0	0	0	0	0	0	0	0	0	0	0	0	0	0	0	0.0629364	0.0629364	0.0629364	0	0	0	0	0	0	0	0	0	0	0	0	0	0	0	0	0	0	0	0	0	0	0	0	1	1	1	1	1	1	0	0	0	0	0	0	
1.8203	0	0	0	0	0	0	0	0	0	0	0	0	0	0	0	0.0620461	0.0620461	0.0620461	0	0	0	0	0	0	0	0	0	0	0	0	0	0	0	0	0	0	0	0	0	0	0	0	1	1	1	1	1	1	0	0	0	0	0	0	
1.837	0	0	0	0	0	0	0	0	0	0	0	0	0	0	0	0.0610416	0.0610416	0.0610416	0	0	0	0	0	0	0	0	0	0	0	0	0	0	0	0	0	0	0	0	0	0	0	0	1	1	1	1	1	1	0	0	0	0	0	0	
1.8537	0	0	0	0	0	0	0	0	0	0	0	0	0	0	0	0.0600588	0.0600588	0.0600588	0	0	0	0	0	0	0	0	0	0	0	0	0	0	0	0	0	0	0	0	0	0	0	0	1	1	1	1	1	1	0	0	0	0	0	0	
1.8704	0	0	0	0	0	0	0	0	0	0	0	0	0	0	0	0.0593105	0.0593105	0.0593105	0	0	0	0	0	0	0	0	0	0	0	0	0	0	0	0	0	0	0	0	0	0	0	0	1	1	1	1	1	1	0	0	0	0	0	0	
1.8871	0	0	0	0	0	0	0	0	0	0	0	0	0	0	0	0.0587038	0.0587038	0.0587038	0	0	0	0	0	0	0	0	0	0	0	0	0	0	0	0	0	0	0	0	0	0	0	0	1	1	1	1	1	1	0	0	0	0	0	0	
1.9038	0	0	0	0	0	0	0	0	0	0	0	0	0	0	0	0.0579301	0.0579301	0.0579301	0	0	0	0	0	0	0	0	0	0	0	0	0	0	0	0	0	0	0	0	0	0	0	0	1	1	1	1	1	1	0	0	0	0	0	0	
1.9205	0	0	0	0	0	0	0	0	0	0	0	0	0	0	0	0.0571308	0.0571308	0.0571308	0	0	0	0	0	0	0	0	0	0	0	0	0	0	0	0	0	0	0	0	0	0	0	0	1	1	1	1	1	1	0	0	0	0	0	0	
1.9372	0	0	0	0	0	0	0	0	0	0	0	0	0	0	0	0.056034	0.056034	0.056034	0	0	0	0	0	0	0	0	0	0	0	0	0	0	0	0	0	0	0	0	0	0	0	0	1	1	1	1	1	1	0	0	0	0	0	0	
1.9539	0	0	0	0	0	0	0	0	0	0	0	0	0	0	0	0.0545572	0.0545572	0.0545572	0	0	0	0	0	0	0	0	0	0	0	0	0	0	0	0	0	0	0	0	0	0	0	0	1	1	1	1	1	1	0	0	0	0	0	0	
1.9706	0	0	0	0	0	0	0	0	0	0	0	0	0	0	0	0.0527361	0.0527361	0.0527361	0	0	0	0	0	0	0	0	0	0	0	0	0	0	0	0	0	0	0	0	0	0	0	0	1	1	1	1	1	1	0	0	0	0	0	0	
1.9873	0	0	0	0	0	0	0	0	0	0	0	0	0	0	0	0.0506362	0.0506362	0.0506362	0	0	0	0	0	0	0	0	0	0	0	0	0	0	0	0	0	0	0	0	0	0	0	0	1	1	1	1	1	1	0	0	0	0	0	0	
2.004	0	0	0	0	0	0	0	0	0	0	0	0	0	0	0	0.0484768	0.0484768	0.0484768	0	0	0	0	0	0	0	0	0	0	0	0	0	0	0	0	0	0	0	0	0	0	0	0	1	1	1	1	1	1	0	0	0	0	0	0	
2.0207	0	0	0	0	0	0	0	0	0	0	0	0	0	0	0	0.0466071	0.0466071	0.0466071	0	0	0	0	0	0	0	0	0	0	0	0	0	0	0	0	0	0	0	0	0	0	0	0	1	1	1	1	1	1	0	0	0	0	0	0	
2.0374	0	0	0	0	0	0	0	0	0	0	0	0	0	0	0	0.0449073	0.0449073	0.0449073	0	0	0	0	0	0	0	0	0	0	0	0	0	0	0	0	0	0	0	0	0	0	0	0	1	1	1	1	1	1	0	0	0	0	0	0	
2.0541	0	0	0	0	0	0	0	0	0	0	0	0	0	0	0	0.0432898	0.0432898	0.0432898	0	0	0	0	0	0	0	0	0	0	0	0	0	0	0	0	0	0	0	0	0	0	0	0	1	1	1	1	1	1	0	0	0	0	0	0	
2.0708	0	0	0	0	0	0	0	0	0	0	0	0	0	0	0	0.0418516	0.0418516	0.0418516	0	0	0	0	0	0	0	0	0	0	0	0	0	0	0	0	0	0	0	0	0	0	0	0	1	1	1	1	1	1	0	0	0	0	0	0	
2.0875	0	0	0	0	0	0	0	0	0	0	0	0	0	0	0	0.0405224	0.0405224	0.0405224	0	0	0	0	0	0	0	0	0	0	0	0	0	0	0	0	0	0	0	0	0	0	0	0	1	1	1	1	1	1	0	0	0	0	0	0	
2.1042	0	0	0	0	0	0	0	0	0	0	0	0	0	0	0	0.0393183	0.0393183	0.0393183	0	0	0	0	0	0	0	0	0	0	0	0	0	0	0	0	0	0	0	0	0	0	0	0	1	1	1	1	1	1	0	0	0	0	0	0	
2.1209	0	0	0	0	0	0	0	0	0	0	0	0	0	0	0	0.0382344	0.0382344	0.0382344	0	0	0	0	0	0	0	0	0	0	0	0	0	0	0	0	0	0	0	0	0	0	0	0	1	1	1	1	1	1	0	0	0	0	0	0	
2.1376	0	0	0	0	0	0	0	0	0	0	0	0	0	0	0	0.0371739	0.0371739	0.0371739	0	0	0	0	0	0	0	0	0	0	0	0	0	0	0	0	0	0	0	0	0	0	0	0	1	1	1	1	1	1	0	0	0	0	0	0	
2.1543	0	0	0	0	0	0	0	0	0	0	0	0	0	0	0	0.0366824	0.0366824	0.0366824	0	0	0	0	0	0	0	0	0	0	0	0	0	0	0	0	0	0	0	0	0	0	0	0	1	1	1	1	1	1	0	0	0	0	0	0	
2.171	0	0	0	0	0	0	0	0	0	0	0	0	0	0	0	0.0367495	0.0367495	0.0367495	0	0	0	0	0	0	0	0	0	0	0	0	0	0	0	0	0	0	0	0	0	0	0	0	1	1	1	1	1	1	0	0	0	0	0	0	
2.1877	0	0	0	0	0	0	0	0	0	0	0	0	0	0	0	0.0372801	0.0372801	0.0372801	0	0	0	0	0	0	0	0	0	0	0	0	0	0	0	0	0	0	0	0	0	0	0	0	1	1	1	1	1	1	0	0	0	0	0	0	
2.2044	0	0	0	0	0	0	0	0	0	0	0	0	0	0	0	0.0384836	0.0384836	0.0384836	0	0	0	0	0	0	0	0	0	0	0	0	0	0	0	0	0	0	0	0	0	0	0	0	1	1	1	1	1	1	0	0	0	0	0	0	
2.2211	0	0	0	0	0	0	0	0	0	0	0	0	0	0	0	0.0401203	0.0401203	0.0401203	0	0	0	0	0	0	0	0	0	0	0	0	0	0	0	0	0	0	0	0	0	0	0	0	1	1	1	1	1	1	0	0	0	0	0	0	
2.2378	0	0	0	0	0	0	0	0	0	0	0	0	0	0	0	0.04189	0.04189	0.04189	0	0	0	0	0	0	0	0	0	0	0	0	0	0	0	0	0	0	0	0	0	0	0	0	1	1	1	1	1	1	0	0	0	0	0	0	
2.2545	0	0	0	0	0	0	0	0	0	0	0	0	0	0	0	0.043513	0.043513	0.043513	0	0	0	0	0	0	0	0	0	0	0	0	0	0	0	0	0	0	0	0	0	0	0	0	1	1	1	1	1	1	0	0	0	0	0	0	
2.2712	0	0	0	0	0	0	0	0	0	0	0	0	0	0	0	0.0450478	0.0450478	0.0450478	0	0	0	0	0	0	0	0	0	0	0	0	0	0	0	0	0	0	0	0	0	0	0	0	1	1	1	1	1	1	0	0	0	0	0	0	
2.2879	0	0	0	0	0	0	0	0	0	0	0	0	0	0	0	0.0463028	0.0463028	0.0463028	0	0	0	0	0	0	0	0	0	0	0	0	0	0	0	0	0	0	0	0	0	0	0	0	1	1	1	1	1	1	0	0	0	0	0	0	
2.3046	0	0	0	0	0	0	0	0	0	0	0	0	0	0	0	0.0471531	0.0471531	0.0471531	0	0	0	0	0	0	0	0	0	0	0	0	0	0	0	0	0	0	0	0	0	0	0	0	1	1	1	1	1	1	0	0	0	0	0	0	
2.3213	0	0	0	0	0	0	0	0	0	0	0	0	0	0	0	0.0473863	0.0473863	0.0473863	0	0	0	0	0	0	0	0	0	0	0	0	0	0	0	0	0	0	0	0	0	0	0	0	1	1	1	1	1	1	0	0	0	0	0	0	
2.338	0	0	0	0	0	0	0	0	0	0	0	0	0	0	0	0.0470495	0.0470495	0.0470495	0	0	0	0	0	0	0	0	0	0	0	0	0	0	0	0	0	0	0	0	0	0	0	0	1	1	1	1	1	1	0	0	0	0	0	0	
2.3547	0	0	0	0	0	0	0	0	0	0	0	0	0	0	0	0.046136	0.046136	0.046136	0	0	0	0	0	0	0	0	0	0	0	0	0	0	0	0	0	0	0	0	0	0	0	0	1	1	1	1	1	1	0	0	0	0	0	0	
2.3714	0	0	0	0	0	0	0	0	0	0	0	0	0	0	0	0.0446091	0.0446091	0.0446091	0	0	0	0	0	0	0	0	0	0	0	0	0	0	0	0	0	0	0	0	0	0	0	0	1	1	1	1	1	1	0	0	0	0	0	0	
2.3881	0	0	0	0	0	0	0	0	0	0	0	0	0	0	0	0.0424314	0.0424314	0.0424314	0	0	0	0	0	0	0	0	0	0	0	0	0	0	0	0	0	0	0	0	0	0	0	0	1	1	1	1	1	1	0	0	0	0	0	0	
2.4048	0	0	0	0	0	0	0	0	0	0	0	0	0	0	0	0.0398434	0.0398434	0.0398434	0	0	0	0	0	0	0	0	0	0	0	0	0	0	0	0	0	0	0	0	0	0	0	0	1	1	1	1	1	1	0	0	0	0	0	0	
2.4215	0	0	0	0	0	0	0	0	0	0	0	0	0	0	0	0.0369309	0.0369309	0.0369309	0	0	0	0	0	0	0	0	0	0	0	0	0	0	0	0	0	0	0	0	0	0	0	0	1	1	1	1	1	1	0	0	0	0	0	0	
2.4382	0	0	0	0	0	0	0	0	0	0	0	0	0	0	0	0.0335755	0.0335755	0.0335755	0	0	0	0	0	0	0	0	0	0	0	0	0	0	0	0	0	0	0	0	0	0	0	0	1	1	1	1	1	1	0	0	0	0	0	0	
2.4549	0	0	0	0	0	0	0	0	0	0	0	0	0	0	0	0.0297383	0.0297383	0.0297383	0	0	0	0	0	0	0	0	0	0	0	0	0	0	0	0	0	0	0	0	0	0	0	0	1	1	1	1	1	1	0	0	0	0	0	0	
2.4716	0	0	0	0	0	0	0	0	0	0	0	0	0	0	0	0.0252506	0.0252506	0.0252506	0	0	0	0	0	0	0	0	0	0	0	0	0	0	0	0	0	0	0	0	0	0	0	0	1	1	1	1	1	1	0	0	0	0	0	0	
2.4883	0	0	0	0	0	0	0	0	0	0	0	0	0	0	0	0.0203542	0.0203542	0.0203542	0	0	0	0	0	0	0	0	0	0	0	0	0	0	0	0	0	0	0	0	0	0	0	0	1	1	1	1	1	1	0	0	0	0	0	0	
2.505	0	0	0	0	0	0	0	0	0	0	0	0	0	0	0	0.0152953	0.0152953	0.0152953	0	0	0	0	0	0	0	0	0	0	0	0	0	0	0	0	0	0	0	0	0	0	0	0	1	1	1	1	1	1	0	0	0	0	0	0	
2.5217	0	0	0	0	0	0	0	0	0	0	0	0	0	0	0	0.0102976	0.0102976	0.0102976	0	0	0	0	0	0	0	0	0	0	0	0	0	0	0	0	0	0	0	0	0	0	0	0	1	1	1	1	1	1	0	0	0	0	0	0	
2.5384	0	0	0	0	0	0	0	0	0	0	0	0	0	0	0	0.00537296	0.00537296	0.00537296	0	0	0	0	0	0	0	0	0	0	0	0	0	0	0	0	0	0	0	0	0	0	0	0	1	1	1	1	1	1	0	0	0	0	0	0	
2.5551	0	0	0	0	0	0	0	0	0	0	0	0	0	0	0	0.000484717	0.000484717	0.000484717	0	0	0	0	0	0	0	0	0	0	0	0	0	0	0	0	0	0	0	0	0	0	0	0	1	1	1	1	1	1	0	0	0	0	0	0	
2.5718	0	0	0	0	0	0	0	0	0	0	0	0	0.00381794	0.00381794	0.00381794	0	0	0	0	0	0	0	0	0	0	0	0	0	0	0	0	0	0	0	0	0	0	0	0	0	0	0	1	1	1	1	1	1	0	0	0	0	0	0	
2.5885	0	0	0	0	0	0	0	0	0	0	0	0	0.00737726	0.00737726	0.00737726	0	0	0	0	0	0	0	0	0	0	0	0	0	0	0	0	0	0	0	0	0	0	0	0	0	0	0	1	1	1	1	1	1	0	0	0	0	0	0	
2.6052	0	0	0	0	0	0	0	0	0	0	0	0	0.0104346	0.0104346	0.0104346	0	0	0	0	0	0	0	0	0	0	0	0	0	0	0	0	0	0	0	0	0	0	0	0	0	0	0	1	1	1	1	1	1	0	0	0	0	0	0	
2.6219	0	0	0	0	0	0	0	0	0	0	0	0	0.0130122	0.0130122	0.0130122	0	0	0	0	0	0	0	0	0	0	0	0	0	0	0	0	0	0	0	0	0	0	0	0	0	0	0	1	1	1	1	1	1	0	0	0	0	0	0	
2.6386	0	0	0	0	0	0	0	0	0	0	0	0	0.0151618	0.0151618	0.0151618	0	0	0	0	0	0	0	0	0	0	0	0	0	0	0	0	0	0	0	0	0	0	0	0	0	0	0	1	1	1	1	1	1	0	0	0	0	0	0	
2.6553	0	0	0	0	0	0	0	0	0	0	0	0	0.0170532	0.0170532	0.0170532	0	0	0	0	0	0	0	0	0	0	0	0	0	0	0	0	0	0	0	0	0	0	0	0	0	0	0	1	1	1	1	1	1	0	0	0	0	0	0	
2.672	0	0	0	0	0	0	0	0	0	0	0	0	0.0188009	0.0188009	0.0188009	0	0	0	0	0	0	0	0	0	0	0	0	0	0	0	0	0	0	0	0	0	0	0	0	0	0	0	1	1	1	1	1	1	0	0	0	0	0	0	
2.6887	0	0	0	0	0	0	0	0	0	0	0	0	0.0207748	0.0207748	0.0207748	0	0	0	0	0	0	0	0	0	0	0	0	0	0	0	0	0	0	0	0	0	0	0	0	0	0	0	1	1	1	1	1	1	0	0	0	0	0	0	
2.7054	0	0	0	0	0	0	0	0	0	0	0	0	0.0229769	0.0229769	0.0229769	0	0	0	0	0	0	0	0	0	0	0	0	0	0	0	0	0	0	0	0	0	0	0	0	0	0	0	1	1	1	1	1	1	0	0	0	0	0	0	
2.7221	0	0	0	0	0	0	0	0	0	0	0	0	0.0254456	0.0254456	0.0254456	0	0	0	0	0	0	0	0	0	0	0	0	0	0	0	0	0	0	0	0	0	0	0	0	0	0	0	1	1	1	1	1	1	0	0	0	0	0	0	
2.7388	0	0	0	0	0	0	0	0	0	0	0	0	0.0281621	0.0281621	0.0281621	0	0	0	0	0	0	0	0	0	0	0	0	0	0	0	0	0	0	0	0	0	0	0	0	0	0	0	1	1	1	1	1	1	0	0	0	0	0	0	
2.7555	0	0	0	0	0	0	0	0	0	0	0	0	0.0310856	0.0310856	0.0310856	0	0	0	0	0	0	0	0	0	0	0	0	0	0	0	0	0	0	0	0	0	0	0	0	0	0	0	1	1	1	1	1	1	0	0	0	0	0	0	
2.7722	0	0	0	0	0	0	0	0	0	0	0	0	0.0339532	0.0339532	0.0339532	0	0	0	0	0	0	0	0	0	0	0	0	0	0	0	0	0	0	0	0	0	0	0	0	0	0	0	1	1	1	1	1	1	0	0	0	0	0	0	
2.7889	0	0	0	0	0	0	0	0	0	0	0	0	0.0367325	0.0367325	0.0367325	0	0	0	0	0	0	0	0	0	0	0	0	0	0	0	0	0	0	0	0	0	0	0	0	0	0	0	1	1	1	1	1	1	0	0	0	0	0	0	
2.8056	0	0	0	0	0	0	0	0	0	0	0	0	0.0394317	0.0394317	0.0394317	0	0	0	0	0	0	0	0	0	0	0	0	0	0	0	0	0	0	0	0	0	0	0	0	0	0	0	1	1	1	1	1	1	0	0	0	0	0	0	
2.8223	0	0	0	0	0	0	0	0	0	0	0	0	0.0421032	0.0421032	0.0421032	0	0	0	0	0	0	0	0	0	0	0	0	0	0	0	0	0	0	0	0	0	0	0	0	0	0	0	1	1	1	1	1	1	0	0	0	0	0	0	
2.839	0	0	0	0	0	0	0	0	0	0	0	0	0.044808	0.044808	0.044808	0	0	0	0	0	0	0	0	0	0	0	0	0	0	0	0	0	0	0	0	0	0	0	0	0	0	0	1	1	1	1	1	1	0	0	0	0	0	0	
2.8557	0	0	0	0	0	0	0	0	0	0	0	0	0.0473381	0.0473381	0.0473381	0	0	0	0	0	0	0	0	0	0	0	0	0	0	0	0	0	0	0	0	0	0	0	0	0	0	0	1	1	1	1	1	1	0	0	0	0	0	0	
2.8724	0	0	0	0	0	0	0	0	0	0	0	0	0.049973	0.049973	0.049973	0	0	0	0	0	0	0	0	0	0	0	0	0	0	0	0	0	0	0	0	0	0	0	0	0	0	0	1	1	1	1	1	1	0	0	0	0	0	0	
2.8891	0	0	0	0	0	0	0	0	0	0	0	0	0.0523428	0.0523428	0.0523428	0	0	0	0	0	0	0	0	0	0	0	0	0	0	0	0	0	0	0	0	0	0	0	0	0	0	0	1	1	1	1	1	1	0	0	0	0	0	0	
2.9058	0	0	0	0	0	0	0	0	0	0	0	0	0.054649	0.054649	0.054649	0	0	0	0	0	0	0	0	0	0	0	0	0	0	0	0	0	0	0	0	0	0	0	0	0	0	0	1	1	1	1	1	1	0	0	0	0	0	0	
2.9225	0	0	0	0	0	0	0	0	0	0	0	0	0.0567378	0.0567378	0.0567378	0	0	0	0	0	0	0	0	0	0	0	0	0	0	0	0	0	0	0	0	0	0	0	0	0	0	0	1	1	1	1	1	1	0	0	0	0	0	0	
2.9392	0	0	0	0	0	0	0	0	0	0	0	0	0.0583514	0.0583514	0.0583514	0	0	0	0	0	0	0	0	0	0	0	0	0	0	0	0	0	0	0	0	0	0	0	0	0	0	0	1	1	1	1	1	1	0	0	0	0	0	0	
2.9559	0	0	0	0	0	0	0	0	0	0	0	0	0.0598554	0.0598554	0.0598554	0	0	0	0	0	0	0	0	0	0	0	0	0	0	0	0	0	0	0	0	0	0	0	0	0	0	0	1	1	1	1	1	1	0	0	0	0	0	0	
2.9726	0	0	0	0	0	0	0	0	0	0	0	0	0.0614717	0.0614717	0.0614717	0	0	0	0	0	0	0	0	0	0	0	0	0	0	0	0	0	0	0	0	0	0	0	0	0	0	0	1	1	1	1	1	1	0	0	0	0	0	0	
2.9893	0	0	0	0	0	0	0	0	0	0	0	0	0.0630501	0.0630501	0.0630501	0	0	0	0	0	0	0	0	0	0	0	0	0	0	0	0	0	0	0	0	0	0	0	0	0	0	0	1	1	1	1	1	1	0	0	0	0	0	0	
3.006	0	0	0	0	0	0	0	0	0	0	0	0	0.0645932	0.0645932	0.0645932	0	0	0	0	0	0	0	0	0	0	0	0	0	0	0	0	0	0	0	0	0	0	0	0	0	0	0	1	1	1	1	1	1	0	0	0	0	0	0	
3.0227	0	0	0	0	0	0	0	0	0	0	0	0	0.0658791	0.0658791	0.0658791	0	0	0	0	0	0	0	0	0	0	0	0	0	0	0	0	0	0	0	0	0	0	0	0	0	0	0	1	1	1	1	1	1	0	0	0	0	0	0	
3.0394	0	0	0	0	0	0	0	0	0	0	0	0	0.0669491	0.0669491	0.0669491	0	0	0	0	0	0	0	0	0	0	0	0	0	0	0	0	0	0	0	0	0	0	0	0	0	0	0	1	1	1	1	1	1	0	0	0	0	0	0	
3.0561	0	0	0	0	0	0	0	0	0	0	0	0	0.0678327	0.0678327	0.0678327	0	0	0	0	0	0	0	0	0	0	0	0	0	0	0	0	0	0	0	0	0	0	0	0	0	0	0	1	1	1	1	1	1	0	0	0	0	0	0	
3.0728	0	0	0	0	0	0	0	0	0	0	0	0	0.0681584	0.0681584	0.0681584	0	0	0	0	0	0	0	0	0	0	0	0	0	0	0	0	0	0	0	0	0	0	0	0	0	0	0	1	1	1	1	1	1	0	0	0	0	0	0	
3.0895	0	0	0	0	0	0	0	0	0	0	0	0	0.0676869	0.0676869	0.0676869	0	0	0	0	0	0	0	0	0	0	0	0	0	0	0	0	0	0	0	0	0	0	0	0	0	0	0	1	1	1	1	1	1	0	0	0	0	0	0	
3.1062	0	0	0	0	0	0	0	0	0	0	0	0	0.0666038	0.0666038	0.0666038	0	0	0	0	0	0	0	0	0	0	0	0	0	0	0	0	0	0	0	0	0	0	0	0	0	0	0	1	1	1	1	1	1	0	0	0	0	0	0	
3.1229	0	0	0	0	0	0	0	0	0	0	0	0	0.0652298	0.0652298	0.0652298	0	0	0	0	0	0	0	0	0	0	0	0	0	0	0	0	0	0	0	0	0	0	0	0	0	0	0	1	1	1	1	1	1	0	0	0	0	0	0	
3.1396	0	0	0	0	0	0	0	0	0	0	0	0	0.0638546	0.0638546	0.0638546	0	0	0	0	0	0	0	0	0	0	0	0	0	0	0	0	0	0	0	0	0	0	0	0	0	0	0	1	1	1	1	1	1	0	0	0	0	0	0	
3.1563	0	0	0	0	0	0	0	0	0	0	0	0	0.0621589	0.0621589	0.0621589	0	0	0	0	0	0	0	0	0	0	0	0	0	0	0	0	0	0	0	0	0	0	0	0	0	0	0	1	1	1	1	1	1	0	0	0	0	0	0	
3.173	0	0	0	0	0	0	0	0	0	0	0	0	0.0600975	0.0600975	0.0600975	0	0	0	0	0	0	0	0	0	0	0	0	0	0	0	0	0	0	0	0	0	0	0	0	0	0	0	1	1	1	1	1	1	0	0	0	0	0	0	
3.1897	0	0	0	0	0	0	0	0	0	0	0	0	0.057302	0.057302	0.057302	0	0	0	0	0	0	0	0	0	0	0	0	0	0	0	0	0	0	0	0	0	0	0	0	0	0	0	1	1	1	1	1	1	0	0	0	0	0	0	
3.2064	0	0	0	0	0	0	0	0	0	0	0	0	0.0544874	0.0544874	0.0544874	0	0	0	0	0	0	0	0	0	0	0	0	0	0	0	0	0	0	0	0	0	0	0	0	0	0	0	1	1	1	1	1	1	0	0	0	0	0	0	
3.2231	0	0	0	0	0	0	0	0	0	0	0	0	0.0517061	0.0517061	0.0517061	0	0	0	0	0	0	0	0	0	0	0	0	0	0	0	0	0	0	0	0	0	0	0	0	0	0	0	1	1	1	1	1	1	0	0	0	0	0	0	
3.2398	0	0	0	0	0	0	0	0	0	0	0	0	0.0492403	0.0492403	0.0492403	0	0	0	0	0	0	0	0	0	0	0	0	0	0	0	0	0	0	0	0	0	0	0	0	0	0	0	1	1	1	1	1	1	0	0	0	0	0	0	
3.2565	0	0	0	0	0	0	0	0	0	0	0	0	0.0474606	0.0474606	0.0474606	0	0	0	0	0	0	0	0	0	0	0	0	0	0	0	0	0	0	0	0	0	0	0	0	0	0	0	1	1	1	1	1	1	0	0	0	0	0	0	
3.2732	0	0	0	0	0	0	0	0	0	0	0	0	0.0465937	0.0465937	0.0465937	0	0	0	0	0	0	0	0	0	0	0	0	0	0	0	0	0	0	0	0	0	0	0	0	0	0	0	1	1	1	1	1	1	0	0	0	0	0	0	
3.2899	0	0	0	0	0	0	0	0	0	0	0	0	0.0464161	0.0464161	0.0464161	0	0	0	0	0	0	0	0	0	0	0	0	0	0	0	0	0	0	0	0	0	0	0	0	0	0	0	1	1	1	1	1	1	0	0	0	0	0	0	
3.3066	0	0	0	0	0	0	0	0	0	0	0	0	0.0469519	0.0469519	0.0469519	0	0	0	0	0	0	0	0	0	0	0	0	0	0	0	0	0	0	0	0	0	0	0	0	0	0	0	1	1	1	1	1	1	0	0	0	0	0	0	
3.3233	0	0	0	0	0	0	0	0	0	0	0	0	0.0479318	0.0479318	0.0479318	0	0	0	0	0	0	0	0	0	0	0	0	0	0	0	0	0	0	0	0	0	0	0	0	0	0	0	1	1	1	1	1	1	0	0	0	0	0	0	
3.34	0	0	0	0	0	0	0	0	0	0	0	0	0.0490235	0.0490235	0.0490235	0	0	0	0	0	0	0	0	0	0	0	0	0	0	0	0	0	0	0	0	0	0	0	0	0	0	0	1	1	1	1	1	1	0	0	0	0	0	0	
3.3567	0	0	0	0	0	0	0	0	0	0	0	0	0.050114	0.050114	0.050114	0	0	0	0	0	0	0	0	0	0	0	0	0	0	0	0	0	0	0	0	0	0	0	0	0	0	0	1	1	1	1	1	1	0	0	0	0	0	0	
3.3734	0	0	0	0	0	0	0	0	0	0	0	0	0.0511828	0.0511828	0.0511828	0	0	0	0	0	0	0	0	0	0	0	0	0	0	0	0	0	0	0	0	0	0	0	0	0	0	0	1	1	1	1	1	1	0	0	0	0	0	0	
3.3901	0	0	0	0	0	0	0	0	0	0	0	0	0.0520878	0.0520878	0.0520878	0	0	0	0	0	0	0	0	0	0	0	0	0	0	0	0	0	0	0	0	0	0	0	0	0	0	0	1	1	1	1	1	1	0	0	0	0	0	0	
3.4068	0	0	0	0	0	0	0	0	0	0	0	0	0.0528582	0.0528582	0.0528582	0	0	0	0	0	0	0	0	0	0	0	0	0	0	0	0	0	0	0	0	0	0	0	0	0	0	0	1	1	1	1	1	1	0	0	0	0	0	0	
3.4235	0	0	0	0	0	0	0	0	0	0	0	0	0.0532088	0.0532088	0.0532088	0	0	0	0	0	0	0	0	0	0	0	0	0	0	0	0	0	0	0	0	0	0	0	0	0	0	0	1	1	1	1	1	1	0	0	0	0	0	0	
3.4402	0	0	0	0	0	0	0	0	0	0	0	0	0.0530431	0.0530431	0.0530431	0	0	0	0	0	0	0	0	0	0	0	0	0	0	0	0	0	0	0	0	0	0	0	0	0	0	0	1	1	1	1	1	1	0	0	0	0	0	0	
3.4569	0	0	0	0	0	0	0	0	0	0	0	0	0.0520867	0.0520867	0.0520867	0	0	0	0	0	0	0	0	0	0	0	0	0	0	0	0	0	0	0	0	0	0	0	0	0	0	0	1	1	1	1	1	1	0	0	0	0	0	0	
3.4736	0	0	0	0	0	0	0	0	0	0	0	0	0.0506729	0.0506729	0.0506729	0	0	0	0	0	0	0	0	0	0	0	0	0	0	0	0	0	0	0	0	0	0	0	0	0	0	0	1	1	1	1	1	1	0	0	0	0	0	0	
3.4903	0	0	0	0	0	0	0	0	0	0	0	0	0.0484866	0.0484866	0.0484866	0	0	0	0	0	0	0	0	0	0	0	0	0	0	0	0	0	0	0	0	0	0	0	0	0	0	0	1	1	1	1	1	1	0	0	0	0	0	0	
3.507	0	0	0	0	0	0	0	0	0	0	0	0	0.0453498	0.0453498	0.0453498	0	0	0	0	0	0	0	0	0	0	0	0	0	0	0	0	0	0	0	0	0	0	0	0	0	0	0	1	1	1	1	1	1	0	0	0	0	0	0	
3.5237	0	0	0	0	0	0	0	0	0	0	0	0	0.0415666	0.0415666	0.0415666	0	0	0	0	0	0	0	0	0	0	0	0	0	0	0	0	0	0	0	0	0	0	0	0	0	0	0	1	1	1	1	1	1	0	0	0	0	0	0	
3.5404	0	0	0	0	0	0	0	0	0	0	0	0	0.0372945	0.0372945	0.0372945	0	0	0	0	0	0	0	0	0	0	0	0	0	0	0	0	0	0	0	0	0	0	0	0	0	0	0	1	1	1	1	1	1	0	0	0	0	0	0	
3.5571	0	0	0	0	0	0	0	0	0	0	0	0	0.0325622	0.0325622	0.0325622	0	0	0	0	0	0	0	0	0	0	0	0	0	0	0	0	0	0	0	0	0	0	0	0	0	0	0	1	1	1	1	1	1	0	0	0	0	0	0	
3.5738	0	0	0	0	0	0	0	0	0	0	0	0	0.0274858	0.0274858	0.0274858	0	0	0	0	0	0	0	0	0	0	0	0	0	0	0	0	0	0	0	0	0	0	0	0	0	0	0	1	1	1	1	1	1	0	0	0	0	0	0	
3.5905	0	0	0	0	0	0	0	0	0	0	0	0	0.0221587	0.0221587	0.0221587	0	0	0	0	0	0	0	0	0	0	0	0	0	0	0	0	0	0	0	0	0	0	0	0	0	0	0	1	1	1	1	1	1	0	0	0	0	0	0	
3.6072	0	0	0	0	0	0	0	0	0	0	0	0	0.0167915	0.0167915	0.0167915	0	0	0	0	0	0	0	0	0	0	0	0	0	0	0	0	0	0	0	0	0	0	0	0	0	0	0	1	1	1	1	1	1	0	0	0	0	0	0	
3.6239	0	0	0	0	0	0	0	0	0	0	0	0	0.01149	0.01149	0.01149	0	0	0	0	0	0	0	0	0	0	0	0	0	0	0	0	0	0	0	0	0	0	0	0	0	0	0	1	1	1	1	1	1	0	0	0	0	0	0	
3.6406	0	0	0	0	0	0	0	0	0	0	0	0	0.00625635	0.00625635	0.00625635	0	0	0	0	0	0	0	0	0	0	0	0	0	0	0	0	0	0	0	0	0	0	0	0	0	0	0	1	1	1	1	1	1	0	0	0	0	0	0	
3.6573	0	0	0	0	0	0	0	0	0	0	0	0	0.00105175	0.00105175	0.00105175	0	0	0	0	0	0	0	0	0	0	0	0	0	0	0	0	0	0	0	0	0	0	0	0	0	0	0	1	1	1	1	1	1	0	0	0	0	0	0	
3.674	0	0	0	0	0	0	0	0	0	0	0	0	0	0	0	0.00400975	0.00400975	0.00400975	0	0	0	0	0	0	0	0	0	0	0	0	0	0	0	0	0	0	0	0	0	0	0	0	1	1	1	1	1	1	0	0	0	0	0	0	
3.6907	0	0	0	0	0	0	0	0	0	0	0	0	0	0	0	0.00825503	0.00825503	0.00825503	0	0	0	0	0	0	0	0	0	0	0	0	0	0	0	0	0	0	0	0	0	0	0	0	1	1	1	1	1	1	0	0	0	0	0	0	
3.7074	0	0	0	0	0	0	0	0	0	0	0	0	0	0	0	0.0117495	0.0117495	0.0117495	0	0	0	0	0	0	0	0	0	0	0	0	0	0	0	0	0	0	0	0	0	0	0	0	1	1	1	1	1	1	0	0	0	0	0	0	
3.7241	0	0	0	0	0	0	0	0	0	0	0	0	0	0	0	0.0146855	0.0146855	0.0146855	0	0	0	0	0	0	0	0	0	0	0	0	0	0	0	0	0	0	0	0	0	0	0	0	1	1	1	1	1	1	0	0	0	0	0	0	
3.7408	0	0	0	0	0	0	0	0	0	0	0	0	0	0	0	0.0172236	0.0172236	0.0172236	0	0	0	0	0	0	0	0	0	0	0	0	0	0	0	0	0	0	0	0	0	0	0	0	1	1	1	1	1	1	0	0	0	0	0	0	
3.7575	0	0	0	0	0	0	0	0	0	0	0	0	0	0	0	0.0194561	0.0194561	0.0194561	0	0	0	0	0	0	0	0	0	0	0	0	0	0	0	0	0	0	0	0	0	0	0	0	1	1	1	1	1	1	0	0	0	0	0	0	
3.7742	0	0	0	0	0	0	0	0	0	0	0	0	0	0	0	0.0216066	0.0216066	0.0216066	0	0	0	0	0	0	0	0	0	0	0	0	0	0	0	0	0	0	0	0	0	0	0	0	1	1	1	1	1	1	0	0	0	0	0	0	
3.7909	0	0	0	0	0	0	0	0	0	0	0	0	0	0	0	0.0237995	0.0237995	0.0237995	0	0	0	0	0	0	0	0	0	0	0	0	0	0	0	0	0	0	0	0	0	0	0	0	1	1	1	1	1	1	0	0	0	0	0	0	
3.8076	0	0	0	0	0	0	0	0	0	0	0	0	0	0	0	0.0262223	0.0262223	0.0262223	0	0	0	0	0	0	0	0	0	0	0	0	0	0	0	0	0	0	0	0	0	0	0	0	1	1	1	1	1	1	0	0	0	0	0	0	
3.8243	0	0	0	0	0	0	0	0	0	0	0	0	0	0	0	0.0288735	0.0288735	0.0288735	0	0	0	0	0	0	0	0	0	0	0	0	0	0	0	0	0	0	0	0	0	0	0	0	1	1	1	1	1	1	0	0	0	0	0	0	
3.841	0	0	0	0	0	0	0	0	0	0	0	0	0	0	0	0.0317826	0.0317826	0.0317826	0	0	0	0	0	0	0	0	0	0	0	0	0	0	0	0	0	0	0	0	0	0	0	0	1	1	1	1	1	1	0	0	0	0	0	0	
3.8577	0	0	0	0	0	0	0	0	0	0	0	0	0	0	0	0.0350172	0.0350172	0.0350172	0	0	0	0	0	0	0	0	0	0	0	0	0	0	0	0	0	0	0	0	0	0	0	0	1	1	1	1	1	1	0	0	0	0	0	0	
3.8744	0	0	0	0	0	0	0	0	0	0	0	0	0	0	0	0.0385905	0.0385905	0.0385905	0	0	0	0	0	0	0	0	0	0	0	0	0	0	0	0	0	0	0	0	0	0	0	0	1	1	1	1	1	1	0	0	0	0	0	0	
3.8911	0	0	0	0	0	0	0	0	0	0	0	0	0	0	0	0.0424903	0.0424903	0.0424903	0	0	0	0	0	0	0	0	0	0	0	0	0	0	0	0	0	0	0	0	0	0	0	0	1	1	1	1	1	1	0	0	0	0	0	0	
3.9078	0	0	0	0	0	0	0	0	0	0	0	0	0	0	0	0.0464457	0.0464457	0.0464457	0	0	0	0	0	0	0	0	0	0	0	0	0	0	0	0	0	0	0	0	0	0	0	0	1	1	1	1	1	1	0	0	0	0	0	0	
3.9245	0	0	0	0	0	0	0	0	0	0	0	0	0	0	0	0.0505209	0.0505209	0.0505209	0	0	0	0	0	0	0	0	0	0	0	0	0	0	0	0	0	0	0	0	0	0	0	0	1	1	1	1	1	1	0	0	0	0	0	0	
3.9412	0	0	0	0	0	0	0	0	0	0	0	0	0	0	0	0.0544251	0.0544251	0.0544251	0	0	0	0	0	0	0	0	0	0	0	0	0	0	0	0	0	0	0	0	0	0	0	0	1	1	1	1	1	1	0	0	0	0	0	0	
3.9579	0	0	0	0	0	0	0	0	0	0	0	0	0	0	0	0.0580893	0.0580893	0.0580893	0	0	0	0	0	0	0	0	0	0	0	0	0	0	0	0	0	0	0	0	0	0	0	0	1	1	1	1	1	1	0	0	0	0	0	0	
3.9746	0	0	0	0	0	0	0	0	0	0	0	0	0	0	0	0.0611399	0.0611399	0.0611399	0	0	0	0	0	0	0	0	0	0	0	0	0	0	0	0	0	0	0	0	0	0	0	0	1	1	1	1	1	1	0	0	0	0	0	0	
3.9913	0	0	0	0	0	0	0	0	0	0	0	0	0	0	0	0.063816	0.063816	0.063816	0	0	0	0	0	0	0	0	0	0	0	0	0	0	0	0	0	0	0	0	0	0	0	0	1	1	1	1	1	1	0	0	0	0	0	0	
4.008	0	0	0	0	0	0	0	0	0	0	0	0	0	0	0	0.0666012	0.0666012	0.0666012	0	0	0	0	0	0	0	0	0	0	0	0	0	0	0	0	0	0	0	0	0	0	0	0	1	1	1	1	1	1	0	0	0	0	0	0	
4.0247	0	0	0	0	0	0	0	0	0	0	0	0	0	0	0	0.0695154	0.0695154	0.0695154	0	0	0	0	0	0	0	0	0	0	0	0	0	0	0	0	0	0	0	0	0	0	0	0	1	1	1	1	1	1	0	0	0	0	0	0	
4.0414	0	0	0	0	0	0	0	0	0	0	0	0	0	0	0	0.0725427	0.0725427	0.0725427	0	0	0	0	0	0	0	0	0	0	0	0	0	0	0	0	0	0	0	0	0	0	0	0	1	1	1	1	1	1	0	0	0	0	0	0	
4.0581	0	0	0	0	0	0	0	0	0	0	0	0	0	0	0	0.0755598	0.0755598	0.0755598	0	0	0	0	0	0	0	0	0	0	0	0	0	0	0	0	0	0	0	0	0	0	0	0	1	1	1	1	1	1	0	0	0	0	0	0	
4.0748	0	0	0	0	0	0	0	0	0	0	0	0	0	0	0	0.0784853	0.0784853	0.0784853	0	0	0	0	0	0	0	0	0	0	0	0	0	0	0	0	0	0	0	0	0	0	0	0	1	1	1	1	1	1	0	0	0	0	0	0	
4.0915	0	0	0	0	0	0	0	0	0	0	0	0	0	0	0	0.0813529	0.0813529	0.0813529	0	0	0	0	0	0	0	0	0	0	0	0	0	0	0	0	0	0	0	0	0	0	0	0	1	1	1	1	1	1	0	0	0	0	0	0	
4.1082	0	0	0	0	0	0	0	0	0	0	0	0	0	0	0	0.0841155	0.0841155	0.0841155	0	0	0	0	0	0	0	0	0	0	0	0	0	0	0	0	0	0	0	0	0	0	0	0	1	1	1	1	1	1	0	0	0	0	0	0	
4.1249	0	0	0	0	0	0	0	0	0	0	0	0	0	0	0	0.0865863	0.0865863	0.0865863	0	0	0	0	0	0	0	0	0	0	0	0	0	0	0	0	0	0	0	0	0	0	0	0	1	1	1	1	1	1	0	0	0	0	0	0	
4.1416	0	0	0	0	0	0	0	0	0	0	0	0	0	0	0	0.0888303	0.0888303	0.0888303	0	0	0	0	0	0	0	0	0	0	0	0	0	0	0	0	0	0	0	0	0	0	0	0	1	1	1	1	1	1	0	0	0	0	0	0	
4.1583	0	0	0	0	0	0	0	0	0	0	0	0	0	0	0	0.0904943	0.0904943	0.0904943	0	0	0	0	0	0	0	0	0	0	0	0	0	0	0	0	0	0	0	0	0	0	0	0	1	1	1	1	1	1	0	0	0	0	0	0	
4.175	0	0	0	0	0	0	0	0	0	0	0	0	0	0	0	0.0914432	0.0914432	0.0914432	0	0	0	0	0	0	0	0	0	0	0	0	0	0	0	0	0	0	0	0	0	0	0	0	1	1	1	1	1	1	0	0	0	0	0	0	
4.1917	0	0	0	0	0	0	0	0	0	0	0	0	0	0	0	0.0917832	0.0917832	0.0917832	0	0	0	0	0	0	0	0	0	0	0	0	0	0	0	0	0	0	0	0	0	0	0	0	1	1	1	1	1	1	0	0	0	0	0	0	
4.2084	0	0	0	0	0	0	0	0	0	0	0	0	0	0	0	0.0917924	0.0917924	0.0917924	0	0	0	0	0	0	0	0	0	0	0	0	0	0	0	0	0	0	0	0	0	0	0	0	1	1	1	1	1	1	0	0	0	0	0	0	
4.2251	0	0	0	0	0	0	0	0	0	0	0	0	0	0	0	0.0913941	0.0913941	0.0913941	0	0	0	0	0	0	0	0	0	0	0	0	0	0	0	0	0	0	0	0	0	0	0	0	1	1	1	1	1	1	0	0	0	0	0	0	
4.2418	0	0	0	0	0	0	0	0	0	0	0	0	0	0	0	0.0909501	0.0909501	0.0909501	0	0	0	0	0	0	0	0	0	0	0	0	0	0	0	0	0	0	0	0	0	0	0	0	1	1	1	1	1	1	0	0	0	0	0	0	
4.2585	0	0	0	0	0	0	0	0	0	0	0	0	0	0	0	0.0904581	0.0904581	0.0904581	0	0	0	0	0	0	0	0	0	0	0	0	0	0	0	0	0	0	0	0	0	0	0	0	1	1	1	1	1	1	0	0	0	0	0	0	
4.2752	0	0	0	0	0	0	0	0	0	0	0	0	0	0	0	0.0897161	0.0897161	0.0897161	0	0	0	0	0	0	0	0	0	0	0	0	0	0	0	0	0	0	0	0	0	0	0	0	1	1	1	1	1	1	0	0	0	0	0	0	
4.2919	0	0	0	0	0	0	0	0	0	0	0	0	0	0	0	0.0886903	0.0886903	0.0886903	0	0	0	0	0	0	0	0	0	0	0	0	0	0	0	0	0	0	0	0	0	0	0	0	1	1	1	1	1	1	0	0	0	0	0	0	
4.3086	0	0	0	0	0	0	0	0	0	0	0	0	0	0	0	0.0877567	0.0877567	0.0877567	0	0	0	0	0	0	0	0	0	0	0	0	0	0	0	0	0	0	0	0	0	0	0	0	1	1	1	1	1	1	0	0	0	0	0	0	
4.3253	0	0	0	0	0	0	0	0	0	0	0	0	0	0	0	0.0872187	0.0872187	0.0872187	0	0	0	0	0	0	0	0	0	0	0	0	0	0	0	0	0	0	0	0	0	0	0	0	1	1	1	1	1	1	0	0	0	0	0	0	
4.342	0	0	0	0	0	0	0	0	0	0	0	0	0	0	0	0.0867482	0.0867482	0.0867482	0	0	0	0	0	0	0	0	0	0	0	0	0	0	0	0	0	0	0	0	0	0	0	0	1	1	1	1	1	1	0	0	0	0	0	0	
4.3587	0	0	0	0	0	0	0	0	0	0	0	0	0	0	0	0.0859521	0.0859521	0.0859521	0	0	0	0	0	0	0	0	0	0	0	0	0	0	0	0	0	0	0	0	0	0	0	0	1	1	1	1	1	1	0	0	0	0	0	0	
4.3754	0	0	0	0	0	0	0	0	0	0	0	0	0	0	0	0.0854713	0.0854713	0.0854713	0	0	0	0	0	0	0	0	0	0	0	0	0	0	0	0	0	0	0	0	0	0	0	0	1	1	1	1	1	1	0	0	0	0	0	0	
4.3921	0	0	0	0	0	0	0	0	0	0	0	0	0	0	0	0.0852686	0.0852686	0.0852686	0	0	0	0	0	0	0	0	0	0	0	0	0	0	0	0	0	0	0	0	0	0	0	0	1	1	1	1	1	1	0	0	0	0	0	0	
4.4088	0	0	0	0	0	0	0	0	0	0	0	0	0	0	0	0.0860606	0.0860606	0.0860606	0	0	0	0	0	0	0	0	0	0	0	0	0	0	0	0	0	0	0	0	0	0	0	0	1	1	1	1	1	1	0	0	0	0	0	0	
4.4255	0	0	0	0	0	0	0	0	0	0	0	0	0	0	0	0.0878281	0.0878281	0.0878281	0	0	0	0	0	0	0	0	0	0	0	0	0	0	0	0	0	0	0	0	0	0	0	0	1	1	1	1	1	1	0	0	0	0	0	0	
4.4422	0	0	0	0	0	0	0	0	0	0	0	0	0	0	0	0.09091	0.09091	0.09091	0	0	0	0	0	0	0	0	0	0	0	0	0	0	0	0	0	0	0	0	0	0	0	0	1	1	1	1	1	1	0	0	0	0	0	0	
4.4589	0	0	0	0	0	0	0	0	0	0	0	0	0	0	0	0.0946473	0.0946473	0.0946473	0	0	0	0	0	0	0	0	0	0	0	0	0	0	0	0	0	0	0	0	0	0	0	0	1	1	1	1	1	1	0	0	0	0	0	0	
4.4756	0	0	0	0	0	0	0	0	0	0	0	0	0	0	0	0.0986865	0.0986865	0.0986865	0	0	0	0	0	0	0	0	0	0	0	0	0	0	0	0	0	0	0	0	0	0	0	0	1	1	1	1	1	1	0	0	0	0	0	0	
4.4923	0	0	0	0	0	0	0	0	0	0	0	0	0	0	0	0.102721	0.102721	0.102721	0	0	0	0	0	0	0	0	0	0	0	0	0	0	0	0	0	0	0	0	0	0	0	0	1	1	1	1	1	1	0	0	0	0	0	0	
4.509	0	0	0	0	0	0	0	0	0	0	0	0	0	0	0	0.106727	0.106727	0.106727	0	0	0	0	0	0	0	0	0	0	0	0	0	0	0	0	0	0	0	0	0	0	0	0	1	1	1	1	1	1	0	0	0	0	0	0	
4.5257	0	0	0	0	0	0	0	0	0	0	0	0	0	0	0	0.110623	0.110623	0.110623	0	0	0	0	0	0	0	0	0	0	0	0	0	0	0	0	0	0	0	0	0	0	0	0	1	1	1	1	1	1	0	0	0	0	0	0	
4.5424	0	0	0	0	0	0	0	0	0	0	0	0	0	0	0	0.114367	0.114367	0.114367	0	0	0	0	0	0	0	0	0	0	0	0	0	0	0	0	0	0	0	0	0	0	0	0	1	1	1	1	1	1	0	0	0	0	0	0	
4.5591	0	0	0	0	0	0	0	0	0	0	0	0	0	0	0	0.11775	0.11775	0.11775	0	0	0	0	0	0	0	0	0	0	0	0	0	0	0	0	0	0	0	0	0	0	0	0	1	1	1	1	1	1	0	0	0	0	0	0	
4.5758	0	0	0	0	0	0	0	0	0	0	0	0	0	0	0	0.120714	0.120714	0.120714	0	0	0	0	0	0	0	0	0	0	0	0	0	0	0	0	0	0	0	0	0	0	0	0	1	1	1	1	1	1	0	0	0	0	0	0	
4.5925	0	0	0	0	0	0	0	0	0	0	0	0	0	0	0	0.12321	0.12321	0.12321	0	0	0	0	0	0	0	0	0	0	0	0	0	0	0	0	0	0	0	0	0	0	0	0	1	1	1	1	1	1	0	0	0	0	0	0	
4.6092	0	0	0	0	0	0	0	0	0	0	0	0	0	0	0	0.125226	0.125226	0.125226	0	0	0	0	0	0	0	0	0	0	0	0	0	0	0	0	0	0	0	0	0	0	0	0	1	1	1	1	1	1	0	0	0	0	0	0	
4.6259	0	0	0	0	0	0	0	0	0	0	0	0	0	0	0	0.126705	0.126705	0.126705	0	0	0	0	0	0	0	0	0	0	0	0	0	0	0	0	0	0	0	0	0	0	0	0	1	1	1	1	1	1	0	0	0	0	0	0	
4.6426	0	0	0	0	0	0	0	0	0	0	0	0	0	0	0	0.127638	0.127638	0.127638	0	0	0	0	0	0	0	0	0	0	0	0	0	0	0	0	0	0	0	0	0	0	0	0	1	1	1	1	1	1	0	0	0	0	0	0	
4.6593	0	0	0	0	0	0	0	0	0	0	0	0	0	0	0	0.128057	0.128057	0.128057	0	0	0	0	0	0	0	0	0	0	0	0	0	0	0	0	0	0	0	0	0	0	0	0	1	1	1	1	1	1	0	0	0	0	0	0	
4.676	0	0	0	0	0	0	0	0	0	0	0	0	0	0	0	0.128045	0.128045	0.128045	0	0	0	0	0	0	0	0	0	0	0	0	0	0	0	0	0	0	0	0	0	0	0	0	1	1	1	1	1	1	0	0	0	0	0	0	
4.6927	0	0	0	0	0	0	0	0	0	0	0	0	0	0	0	0.127673	0.127673	0.127673	0	0	0	0	0	0	0	0	0	0	0	0	0	0	0	0	0	0	0	0	0	0	0	0	1	1	1	1	1	1	0	0	0	0	0	0	
4.7094	0	0	0	0	0	0	0	0	0	0	0	0	0	0	0	0.126937	0.126937	0.126937	0	0	0	0	0	0	0	0	0	0	0	0	0	0	0	0	0	0	0	0	0	0	0	0	1	1	1	1	1	1	0	0	0	0	0	0	
4.7261	0	0	0	0	0	0	0	0	0	0	0	0	0	0	0	0.125784	0.125784	0.125784	0	0	0	0	0	0	0	0	0	0	0	0	0	0	0	0	0	0	0	0	0	0	0	0	1	1	1	1	1	1	0	0	0	0	0	0	
4.7428	0	0	0	0	0	0	0	0	0	0	0	0	0	0	0	0.12429	0.12429	0.12429	0	0	0	0	0	0	0	0	0	0	0	0	0	0	0	0	0	0	0	0	0	0	0	0	1	1	1	1	1	1	0	0	0	0	0	0	
4.7595	0	0	0	0	0	0	0	0	0	0	0	0	0	0	0	0.122542	0.122542	0.122542	0	0	0	0	0	0	0	0	0	0	0	0	0	0	0	0	0	0	0	0	0	0	0	0	1	1	1	1	1	1	0	0	0	0	0	0	
4.7762	0	0	0	0	0	0	0	0	0	0	0	0	0	0	0	0.120408	0.120408	0.120408	0	0	0	0	0	0	0	0	0	0	0	0	0	0	0	0	0	0	0	0	0	0	0	0	1	1	1	1	1	1	0	0	0	0	0	0	
4.7929	0	0	0	0	0	0	0	0	0	0	0	0	0	0	0	0.117728	0.117728	0.117728	0	0	0	0	0	0	0	0	0	0	0	0	0	0	0	0	0	0	0	0	0	0	0	0	1	1	1	1	1	1	0	0	0	0	0	0	
4.8096	0	0	0	0	0	0	0	0	0	0	0	0	0	0	0	0.114452	0.114452	0.114452	0	0	0	0	0	0	0	0	0	0	0	0	0	0	0	0	0	0	0	0	0	0	0	0	1	1	1	1	1	1	0	0	0	0	0	0	
4.8263	0	0	0	0	0	0	0	0	0	0	0	0	0	0	0	0.110608	0.110608	0.110608	0	0	0	0	0	0	0	0	0	0	0	0	0	0	0	0	0	0	0	0	0	0	0	0	1	1	1	1	1	1	0	0	0	0	0	0	
4.843	0	0	0	0	0	0	0	0	0	0	0	0	0	0	0	0.106371	0.106371	0.106371	0	0	0	0	0	0	0	0	0	0	0	0	0	0	0	0	0	0	0	0	0	0	0	0	1	1	1	1	1	1	0	0	0	0	0	0	
4.8597	0	0	0	0	0	0	0	0	0	0	0	0	0	0	0	0.101897	0.101897	0.101897	0	0	0	0	0	0	0	0	0	0	0	0	0	0	0	0	0	0	0	0	0	0	0	0	1	1	1	1	1	1	0	0	0	0	0	0	
4.8764	0	0	0	0	0	0	0	0	0	0	0	0	0	0	0	0.0970558	0.0970558	0.0970558	0	0	0	0	0	0	0	0	0	0	0	0	0	0	0	0	0	0	0	0	0	0	0	0	1	1	1	1	1	1	0	0	0	0	0	0	
4.8931	0	0	0	0	0	0	0	0	0	0	0	0	0	0	0	0.0919114	0.0919114	0.0919114	0	0	0	0	0	0	0	0	0	0	0	0	0	0	0	0	0	0	0	0	0	0	0	0	1	1	1	1	1	1	0	0	0	0	0	0	
4.9098	0	0	0	0	0	0	0	0	0	0	0	0	0	0	0	0.0862903	0.0862903	0.0862903	0	0	0	0	0	0	0	0	0	0	0	0	0	0	0	0	0	0	0	0	0	0	0	0	1	1	1	1	1	1	0	0	0	0	0	0	
4.9265	0	0	0	0	0	0	0	0	0	0	0	0	0	0	0	0.0802741	0.0802741	0.0802741	0	0	0	0	0	0	0	0	0	0	0	0	0	0	0	0	0	0	0	0	0	0	0	0	1	1	1	1	1	1	0	0	0	0	0	0	
4.9432	0	0	0	0	0	0	0	0	0	0	0	0	0	0	0	0.0738407	0.0738407	0.0738407	0	0	0	0	0	0	0	0	0	0	0	0	0	0	0	0	0	0	0	0	0	0	0	0	1	1	1	1	1	1	0	0	0	0	0	0	
4.9599	0	0	0	0	0	0	0	0	0	0	0	0	0	0	0	0.0670239	0.0670239	0.0670239	0	0	0	0	0	0	0	0	0	0	0	0	0	0	0	0	0	0	0	0	0	0	0	0	1	1	1	1	1	1	0	0	0	0	0	0	
4.9766	0	0	0	0	0	0	0	0	0	0	0	0	0	0	0	0.0603766	0.0603766	0.0603766	0	0	0	0	0	0	0	0	0	0	0	0	0	0	0	0	0	0	0	0	0	0	0	0	1	1	1	1	1	1	0	0	0	0	0	0	
4.9933	0	0	0	0	0	0	0	0	0	0	0	0	0	0	0	0.0539857	0.0539857	0.0539857	0	0	0	0	0	0	0	0	0	0	0	0	0	0	0	0	0	0	0	0	0	0	0	0	1	1	1	1	1	1	0	0	0	0	0	0	
5.01	0	0	0	0	0	0	0	0	0	0	0	0	0	0	0	0.0478088	0.0478088	0.0478088	0	0	0	0	0	0	0	0	0	0	0	0	0	0	0	0	0	0	0	0	0	0	0	0	1	1	1	1	1	1	0	0	0	0	0	0	
5.0267	0	0	0	0	0	0	0	0	0	0	0	0	0	0	0	0.0418984	0.0418984	0.0418984	0	0	0	0	0	0	0	0	0	0	0	0	0	0	0	0	0	0	0	0	0	0	0	0	1	1	1	1	1	1	0	0	0	0	0	0	
5.0434	0	0	0	0	0	0	0	0	0	0	0	0	0	0	0	0.0361883	0.0361883	0.0361883	0	0	0	0	0	0	0	0	0	0	0	0	0	0	0	0	0	0	0	0	0	0	0	0	1	1	1	1	1	1	0	0	0	0	0	0	
5.0601	0	0	0	0	0	0	0	0	0	0	0	0	0	0	0	0.0306249	0.0306249	0.0306249	0	0	0	0	0	0	0	0	0	0	0	0	0	0	0	0	0	0	0	0	0	0	0	0	1	1	1	1	1	1	0	0	0	0	0	0	
5.0768	0	0	0	0	0	0	0	0	0	0	0	0	0	0	0	0.0252512	0.0252512	0.0252512	0	0	0	0	0	0	0	0	0	0	0	0	0	0	0	0	0	0	0	0	0	0	0	0	1	1	1	1	1	1	0	0	0	0	0	0	
5.0935	0	0	0	0	0	0	0	0	0	0	0	0	0	0	0	0.0201095	0.0201095	0.0201095	0	0	0	0	0	0	0	0	0	0	0	0	0	0	0	0	0	0	0	0	0	0	0	0	1	1	1	1	1	1	0	0	0	0	0	0	
5.1102	0	0	0	0	0	0	0	0	0	0	0	0	0	0	0	0.0152193	0.0152193	0.0152193	0	0	0	0	0	0	0	0	0	0	0	0	0	0	0	0	0	0	0	0	0	0	0	0	1	1	1	1	1	1	0	0	0	0	0	0	
5.1269	0	0	0	0	0	0	0	0	0	0	0	0	0	0	0	0.0105639	0.0105639	0.0105639	0	0	0	0	0	0	0	0	0	0	0	0	0	0	0	0	0	0	0	0	0	0	0	0	1	1	1	1	1	1	0	0	0	0	0	0	
5.1436	0	0	0	0	0	0	0	0	0	0	0	0	0	0	0	0.00616504	0.00616504	0.00616504	0	0	0	0	0	0	0	0	0	0	0	0	0	0	0	0	0	0	0	0	0	0	0	0	1	1	1	1	1	1	0	0	0	0	0	0	
5.1603	0	0	0	0	0	0	0	0	0	0	0	0	0	0	0	0.00207609	0.00207609	0.00207609	0	0	0	0	0	0	0	0	0	0	0	0	0	0	0	0	0	0	0	0	0	0	0	0	1	1	1	1	1	1	0	0	0	0	0	0	
5.177	0	0	0	0	0	0	0	0	0	0	0	0	0.00171831	0.00171831	0.00171831	0	0	0	0	0	0	0	0	0	0	0	0	0	0	0	0	0	0	0	0	0	0	0	0	0	0	0	1	1	1	1	1	1	0	0	0	0	0	0	
5.1937	0	0	0	0	0	0	0	0	0	0	0	0	0.00521846	0.00521846	0.00521846	0	0	0	0	0	0	0	0	0	0	0	0	0	0	0	0	0	0	0	0	0	0	0	0	0	0	0	1	1	1	1	1	1	0	0	0	0	0	0	
5.2104	0	0	0	0	0	0	0	0	0	0	0	0	0.00848659	0.00848659	0.00848659	0	0	0	0	0	0	0	0	0	0	0	0	0	0	0	0	0	0	0	0	0	0	0	0	0	0	0	1	1	1	1	1	1	0	0	0	0	0	0	
5.2271	0	0	0	0	0	0	0	0	0	0	0	0	0.011597	0.011597	0.011597	0	0	0	0	0	0	0	0	0	0	0	0	0	0	0	0	0	0	0	0	0	0	0	0	0	0	0	1	1	1	1	1	1	0	0	0	0	0	0	
5.2438	0	0	0	0	0	0	0	0	0	0	0	0	0.0145046	0.0145046	0.0145046	0	0	0	0	0	0	0	0	0	0	0	0	0	0	0	0	0	0	0	0	0	0	0	0	0	0	0	1	1	1	1	1	1	0	0	0	0	0	0	
5.2605	0	0	0	0	0	0	0	0	0	0	0	0	0.0171744	0.0171744	0.0171744	0	0	0	0	0	0	0	0	0	0	0	0	0	0	0	0	0	0	0	0	0	0	0	0	0	0	0	1	1	1	1	1	1	0	0	0	0	0	0	
5.2772	0	0	0	0	0	0	0	0	0	0	0	0	0.0195779	0.0195779	0.0195779	0	0	0	0	0	0	0	0	0	0	0	0	0	0	0	0	0	0	0	0	0	0	0	0	0	0	0	1	1	1	1	1	1	0	0	0	0	0	0	
5.2939	0	0	0	0	0	0	0	0	0	0	0	0	0.0214596	0.0214596	0.0214596	0	0	0	0	0	0	0	0	0	0	0	0	0	0	0	0	0	0	0	0	0	0	0	0	0	0	0	1	1	1	1	1	1	0	0	0	0	0	0	
5.3106	0	0	0	0	0	0	0	0	0	0	0	0	0.0222166	0.0222166	0.0222166	0	0	0	0	0	0	0	0	0	0	0	0	0	0	0	0	0	0	0	0	0	0	0	0	0	0	0	1	1	1	1	1	1	0	0	0	0	0	0	
5.3273	0	0	0	0	0	0	0	0	0	0	0	0	0.0217583	0.0217583	0.0217583	0	0	0	0	0	0	0	0	0	0	0	0	0	0	0	0	0	0	0	0	0	0	0	0	0	0	0	1	1	1	1	1	1	0	0	0	0	0	0	
5.344	0	0	0	0	0	0	0	0	0	0	0	0	0.0204276	0.0204276	0.0204276	0	0	0	0	0	0	0	0	0	0	0	0	0	0	0	0	0	0	0	0	0	0	0	0	0	0	0	1	1	1	1	1	1	0	0	0	0	0	0	
5.3607	0	0	0	0	0	0	0	0	0	0	0	0	0.0185077	0.0185077	0.0185077	0	0	0	0	0	0	0	0	0	0	0	0	0	0	0	0	0	0	0	0	0	0	0	0	0	0	0	1	1	1	1	1	1	0	0	0	0	0	0	
5.3774	0	0	0	0	0	0	0	0	0	0	0	0	0.0161497	0.0161497	0.0161497	0	0	0	0	0	0	0	0	0	0	0	0	0	0	0	0	0	0	0	0	0	0	0	0	0	0	0	1	1	1	1	1	1	0	0	0	0	0	0	
5.3941	0	0	0	0	0	0	0	0	0	0	0	0	0.0130157	0.0130157	0.0130157	0	0	0	0	0	0	0	0	0	0	0	0	0	0	0	0	0	0	0	0	0	0	0	0	0	0	0	1	1	1	1	1	1	0	0	0	0	0	0	
5.4108	0	0	0	0	0	0	0	0	0	0	0	0	0.0099399	0.0099399	0.0099399	0	0	0	0	0	0	0	0	0	0	0	0	0	0	0	0	0	0	0	0	0	0	0	0	0	0	0	1	1	1	1	1	1	0	0	0	0	0	0	
5.4275	0	0	0	0	0	0	0	0	0	0	0	0	0.00710232	0.00710232	0.00710232	0	0	0	0	0	0	0	0	0	0	0	0	0	0	0	0	0	0	0	0	0	0	0	0	0	0	0	1	1	1	1	1	1	0	0	0	0	0	0	
5.4442	0	0	0	0	0	0	0	0	0	0	0	0	0.00428416	0.00428416	0.00428416	0	0	0	0	0	0	0	0	0	0	0	0	0	0	0	0	0	0	0	0	0	0	0	0	0	0	0	1	1	1	1	1	1	0	0	0	0	0	0	
5.4609	0	0	0	0	0	0	0	0	0	0	0	0	0.00158	0.00158	0.00158	0	0	0	0	0	0	0	0	0	0	0	0	0	0	0	0	0	0	0	0	0	0	0	0	0	0	0	1	1	1	1	1	1	0	0	0	0	0	0	
5.4776	0	0	0	0	0	0	0	0	0	0	0	0	0	0	0	0.00123068	0.00123068	0.00123068	0	0	0	0	0	0	0	0	0	0	0	0	0	0	0	0	0	0	0	0	0	0	0	0	1	1	1	1	1	1	0	0	0	0	0	0	
5.4943	0	0	0	0	0	0	0	0	0	0	0	0	0	0	0	0.00413228	0.00413228	0.00413228	0	0	0	0	0	0	0	0	0	0	0	0	0	0	0	0	0	0	0	0	0	0	0	0	1	1	1	1	1	1	0	0	0	0	0	0	
5.511	0	0	0	0	0	0	0	0	0	0	0	0	0	0	0	0.00697559	0.00697559	0.00697559	0	0	0	0	0	0	0	0	0	0	0	0	0	0	0	0	0	0	0	0	0	0	0	0	1	1	1	1	1	1	0	0	0	0	0	0	
5.5277	0	0	0	0	0	0	0	0	0	0	0	0	0	0	0	0.00991516	0.00991516	0.00991516	0	0	0	0	0	0	0	0	0	0	0	0	0	0	0	0	0	0	0	0	0	0	0	0	1	1	1	1	1	1	0	0	0	0	0	0	
5.5444	0	0	0	0	0	0	0	0	0	0	0	0	0	0	0	0.0128067	0.0128067	0.0128067	0	0	0	0	0	0	0	0	0	0	0	0	0	0	0	0	0	0	0	0	0	0	0	0	1	1	1	1	1	1	0	0	0	0	0	0	
5.5611	0	0	0	0	0	0	0	0	0	0	0	0	0	0	0	0.0152921	0.0152921	0.0152921	0	0	0	0	0	0	0	0	0	0	0	0	0	0	0	0	0	0	0	0	0	0	0	0	1	1	1	1	1	1	0	0	0	0	0	0	
5.5778	0	0	0	0	0	0	0	0	0	0	0	0	0	0	0	0.0174984	0.0174984	0.0174984	0	0	0	0	0	0	0	0	0	0	0	0	0	0	0	0	0	0	0	0	0	0	0	0	1	1	1	1	1	1	0	0	0	0	0	0	
5.5945	0	0	0	0	0	0	0	0	0	0	0	0	0	0	0	0.0196184	0.0196184	0.0196184	0	0	0	0	0	0	0	0	0	0	0	0	0	0	0	0	0	0	0	0	0	0	0	0	1	1	1	1	1	1	0	0	0	0	0	0	
5.6112	0	0	0	0	0	0	0	0	0	0	0	0	0	0	0	0.0215465	0.0215465	0.0215465	0	0	0	0	0	0	0	0	0	0	0	0	0	0	0	0	0	0	0	0	0	0	0	0	1	1	1	1	1	1	0	0	0	0	0	0	
5.6279	0	0	0	0	0	0	0	0	0	0	0	0	0	0	0	0.0233809	0.0233809	0.0233809	0	0	0	0	0	0	0	0	0	0	0	0	0	0	0	0	0	0	0	0	0	0	0	0	1	1	1	1	1	1	0	0	0	0	0	0	
5.6446	0	0	0	0	0	0	0	0	0	0	0	0	0	0	0	0.0254459	0.0254459	0.0254459	0	0	0	0	0	0	0	0	0	0	0	0	0	0	0	0	0	0	0	0	0	0	0	0	1	1	1	1	1	1	0	0	0	0	0	0	
5.6613	0	0	0	0	0	0	0	0	0	0	0	0	0	0	0	0.0277737	0.0277737	0.0277737	0	0	0	0	0	0	0	0	0	0	0	0	0	0	0	0	0	0	0	0	0	0	0	0	1	1	1	1	1	1	0	0	0	0	0	0	
5.678	0	0	0	0	0	0	0	0	0	0	0	0	0	0	0	0.0300035	0.0300035	0.0300035	0	0	0	0	0	0	0	0	0	0	0	0	0	0	0	0	0	0	0	0	0	0	0	0	1	1	1	1	1	1	0	0	0	0	0	0	
5.6947	0	0	0	0	0	0	0	0	0	0	0	0	0	0	0	0.0321383	0.0321383	0.0321383	0	0	0	0	0	0	0	0	0	0	0	0	0	0	0	0	0	0	0	0	0	0	0	0	1	1	1	1	1	1	0	0	0	0	0	0	
5.7114	0	0	0	0	0	0	0	0	0	0	0	0	0	0	0	0.0343421	0.0343421	0.0343421	0	0	0	0	0	0	0	0	0	0	0	0	0	0	0	0	0	0	0	0	0	0	0	0	1	1	1	1	1	1	0	0	0	0	0	0	
5.7281	0	0	0	0	0	0	0	0	0	0	0	0	0	0	0	0.036537	0.036537	0.036537	0	0	0	0	0	0	0	0	0	0	0	0	0	0	0	0	0	0	0	0	0	0	0	0	1	1	1	1	1	1	0	0	0	0	0	0	
5.7448	0	0	0	0	0	0	0	0	0	0	0	0	0	0	0	0.0388143	0.0388143	0.0388143	0	0	0	0	0	0	0	0	0	0	0	0	0	0	0	0	0	0	0	0	0	0	0	0	1	1	1	1	1	1	0	0	0	0	0	0	
5.7615	0	0	0	0	0	0	0	0	0	0	0	0	0	0	0	0.04188	0.04188	0.04188	0	0	0	0	0	0	0	0	0	0	0	0	0	0	0	0	0	0	0	0	0	0	0	0	1	1	1	1	1	1	0	0	0	0	0	0	
5.7782	0	0	0	0	0	0	0	0	0	0	0	0	0	0	0	0.0456244	0.0456244	0.0456244	0	0	0	0	0	0	0	0	0	0	0	0	0	0	0	0	0	0	0	0	0	0	0	0	1	1	1	1	1	1	0	0	0	0	0	0	
5.7949	0	0	0	0	0	0	0	0	0	0	0	0	0	0	0	0.0497264	0.0497264	0.0497264	0	0	0	0	0	0	0	0	0	0	0	0	0	0	0	0	0	0	0	0	0	0	0	0	1	1	1	1	1	1	0	0	0	0	0	0	
5.8116	0	0	0	0	0	0	0	0	0	0	0	0	0	0	0	0.0539945	0.0539945	0.0539945	0	0	0	0	0	0	0	0	0	0	0	0	0	0	0	0	0	0	0	0	0	0	0	0	1	1	1	1	1	1	0	0	0	0	0	0	
5.8283	0	0	0	0	0	0	0	0	0	0	0	0	0	0	0	0.0583551	0.0583551	0.0583551	0	0	0	0	0	0	0	0	0	0	0	0	0	0	0	0	0	0	0	0	0	0	0	0	1	1	1	1	1	1	0	0	0	0	0	0	
5.845	0	0	0	0	0	0	0	0	0	0	0	0	0	0	0	0.0625781	0.0625781	0.0625781	0	0	0	0	0	0	0	0	0	0	0	0	0	0	0	0	0	0	0	0	0	0	0	0	1	1	1	1	1	1	0	0	0	0	0	0	
5.8617	0	0	0	0	0	0	0	0	0	0	0	0	0	0	0	0.0659296	0.0659296	0.0659296	0	0	0	0	0	0	0	0	0	0	0	0	0	0	0	0	0	0	0	0	0	0	0	0	1	1	1	1	1	1	0	0	0	0	0	0	
5.8784	0	0	0	0	0	0	0	0	0	0	0	0	0	0	0	0.0684493	0.0684493	0.0684493	0	0	0	0	0	0	0	0	0	0	0	0	0	0	0	0	0	0	0	0	0	0	0	0	1	1	1	1	1	1	0	0	0	0	0	0	
5.8951	0	0	0	0	0	0	0	0	0	0	0	0	0	0	0	0.0701939	0.0701939	0.0701939	0	0	0	0	0	0	0	0	0	0	0	0	0	0	0	0	0	0	0	0	0	0	0	0	1	1	1	1	1	1	0	0	0	0	0	0	
5.9118	0	0	0	0	0	0	0	0	0	0	0	0	0	0	0	0.071272	0.071272	0.071272	0	0	0	0	0	0	0	0	0	0	0	0	0	0	0	0	0	0	0	0	0	0	0	0	1	1	1	1	1	1	0	0	0	0	0	0	
5.9285	0	0	0	0	0	0	0	0	0	0	0	0	0	0	0	0.0719007	0.0719007	0.0719007	0	0	0	0	0	0	0	0	0	0	0	0	0	0	0	0	0	0	0	0	0	0	0	0	1	1	1	1	1	1	0	0	0	0	0	0	
5.9452	0	0	0	0	0	0	0	0	0	0	0	0	0	0	0	0.0723098	0.0723098	0.0723098	0	0	0	0	0	0	0	0	0	0	0	0	0	0	0	0	0	0	0	0	0	0	0	0	1	1	1	1	1	1	0	0	0	0	0	0	
5.9619	0	0	0	0	0	0	0	0	0	0	0	0	0	0	0	0.0726296	0.0726296	0.0726296	0	0	0	0	0	0	0	0	0	0	0	0	0	0	0	0	0	0	0	0	0	0	0	0	1	1	1	1	1	1	0	0	0	0	0	0	
5.9786	0	0	0	0	0	0	0	0	0	0	0	0	0	0	0	0.072933	0.072933	0.072933	0	0	0	0	0	0	0	0	0	0	0	0	0	0	0	0	0	0	0	0	0	0	0	0	1	1	1	1	1	1	0	0	0	0	0	0	
5.9953	0	0	0	0	0	0	0	0	0	0	0	0	0	0	0	0.0732635	0.0732635	0.0732635	0	0	0	0	0	0	0	0	0	0	0	0	0	0	0	0	0	0	0	0	0	0	0	0	1	1	1	1	1	1	0	0	0	0	0	0	
6.012	0	0	0	0	0	0	0	0	0	0	0	0	0	0	0	0.0736156	0.0736156	0.0736156	0	0	0	0	0	0	0	0	0	0	0	0	0	0	0	0	0	0	0	0	0	0	0	0	1	1	1	1	1	1	0	0	0	0	0	0	
6.0287	0	0	0	0	0	0	0	0	0	0	0	0	0	0	0	0.0740182	0.0740182	0.0740182	0	0	0	0	0	0	0	0	0	0	0	0	0	0	0	0	0	0	0	0	0	0	0	0	1	1	1	1	1	1	0	0	0	0	0	0	
6.0454	0	0	0	0	0	0	0	0	0	0	0	0	0	0	0	0.0742489	0.0742489	0.0742489	0	0	0	0	0	0	0	0	0	0	0	0	0	0	0	0	0	0	0	0	0	0	0	0	1	1	1	1	1	1	0	0	0	0	0	0	
6.0621	0	0	0	0	0	0	0	0	0	0	0	0	0	0	0	0.0744728	0.0744728	0.0744728	0	0	0	0	0	0	0	0	0	0	0	0	0	0	0	0	0	0	0	0	0	0	0	0	1	1	1	1	1	1	0	0	0	0	0	0	
6.0788	0	0	0	0	0	0	0	0	0	0	0	0	0	0	0	0.0747195	0.0747195	0.0747195	0	0	0	0	0	0	0	0	0	0	0	0	0	0	0	0	0	0	0	0	0	0	0	0	1	1	1	1	1	1	0	0	0	0	0	0	
6.0955	0	0	0	0	0	0	0	0	0	0	0	0	0	0	0	0.0750097	0.0750097	0.0750097	0	0	0	0	0	0	0	0	0	0	0	0	0	0	0	0	0	0	0	0	0	0	0	0	1	1	1	1	1	1	0	0	0	0	0	0	
6.1122	0	0	0	0	0	0	0	0	0	0	0	0	0	0	0	0.0753483	0.0753483	0.0753483	0	0	0	0	0	0	0	0	0	0	0	0	0	0	0	0	0	0	0	0	0	0	0	0	1	1	1	1	1	1	0	0	0	0	0	0	
6.1289	0	0	0	0	0	0	0	0	0	0	0	0	0	0	0	0.075729	0.075729	0.075729	0	0	0	0	0	0	0	0	0	0	0	0	0	0	0	0	0	0	0	0	0	0	0	0	1	1	1	1	1	1	0	0	0	0	0	0	
6.1456	0	0	0	0	0	0	0	0	0	0	0	0	0	0	0	0.0761028	0.0761028	0.0761028	0	0	0	0	0	0	0	0	0	0	0	0	0	0	0	0	0	0	0	0	0	0	0	0	1	1	1	1	1	1	0	0	0	0	0	0	
6.1623	0	0	0	0	0	0	0	0	0	0	0	0	0	0	0	0.0764259	0.0764259	0.0764259	0	0	0	0	0	0	0	0	0	0	0	0	0	0	0	0	0	0	0	0	0	0	0	0	1	1	1	1	1	1	0	0	0	0	0	0	
6.179	0	0	0	0	0	0	0	0	0	0	0	0	0	0	0	0.0766238	0.0766238	0.0766238	0	0	0	0	0	0	0	0	0	0	0	0	0	0	0	0	0	0	0	0	0	0	0	0	1	1	1	1	1	1	0	0	0	0	0	0	
6.1957	0	0	0	0	0	0	0	0	0	0	0	0	0	0	0	0.076651	0.076651	0.076651	0	0	0	0	0	0	0	0	0	0	0	0	0	0	0	0	0	0	0	0	0	0	0	0	1	1	1	1	1	1	0	0	0	0	0	0	
6.2124	0	0	0	0	0	0	0	0	0	0	0	0	0	0	0	0.0763822	0.0763822	0.0763822	0	0	0	0	0	0	0	0	0	0	0	0	0	0	0	0	0	0	0	0	0	0	0	0	1	1	1	1	1	1	0	0	0	0	0	0	
6.2291	0	0	0	0	0	0	0	0	0	0	0	0	0	0	0	0.0760998	0.0760998	0.0760998	0	0	0	0	0	0	0	0	0	0	0	0	0	0	0	0	0	0	0	0	0	0	0	0	1	1	1	1	1	1	0	0	0	0	0	0	
6.2458	0	0	0	0	0	0	0	0	0	0	0	0	0	0	0	0.0753915	0.0753915	0.0753915	0	0	0	0	0	0	0	0	0	0	0	0	0	0	0	0	0	0	0	0	0	0	0	0	1	1	1	1	1	1	0	0	0	0	0	0	
6.2625	0	0	0	0	0	0	0	0	0	0	0	0	0	0	0	0.0746088	0.0746088	0.0746088	0	0	0	0	0	0	0	0	0	0	0	0	0	0	0	0	0	0	0	0	0	0	0	0	1	1	1	1	1	1	0	0	0	0	0	0	
6.2792	0	0	0	0	0	0	0	0	0	0	0	0	0	0	0	0.0738334	0.0738334	0.0738334	0	0	0	0	0	0	0	0	0	0	0	0	0	0	0	0	0	0	0	0	0	0	0	0	1	1	1	1	1	1	0	0	0	0	0	0	
6.2959	0	0	0	0	0	0	0	0	0	0	0	0	0	0	0	0.0731039	0.0731039	0.0731039	0	0	0	0	0	0	0	0	0	0	0	0	0	0	0	0	0	0	0	0	0	0	0	0	1	1	1	1	1	1	0	0	0	0	0	0	
6.3126	0	0	0	0	0	0	0	0	0	0	0	0	0	0	0	0.0722883	0.0722883	0.0722883	0	0	0	0	0	0	0	0	0	0	0	0	0	0	0	0	0	0	0	0	0	0	0	0	1	1	1	1	1	1	0	0	0	0	0	0	
6.3293	0	0	0	0	0	0	0	0	0	0	0	0	0	0	0	0.0712167	0.0712167	0.0712167	0	0	0	0	0	0	0	0	0	0	0	0	0	0	0	0	0	0	0	0	0	0	0	0	1	1	1	1	1	1	0	0	0	0	0	0	
6.346	0	0	0	0	0	0	0	0	0	0	0	0	0	0	0	0.0700657	0.0700657	0.0700657	0	0	0	0	0	0	0	0	0	0	0	0	0	0	0	0	0	0	0	0	0	0	0	0	1	1	1	1	1	1	0	0	0	0	0	0	
6.3627	0	0	0	0	0	0	0	0	0	0	0	0	0	0	0	0.069134	0.069134	0.069134	0	0	0	0	0	0	0	0	0	0	0	0	0	0	0	0	0	0	0	0	0	0	0	0	1	1	1	1	1	1	0	0	0	0	0	0	
6.3794	0	0	0	0	0	0	0	0	0	0	0	0	0	0	0	0.0684442	0.0684442	0.0684442	0	0	0	0	0	0	0	0	0	0	0	0	0	0	0	0	0	0	0	0	0	0	0	0	1	1	1	1	1	1	0	0	0	0	0	0	
6.3961	0	0	0	0	0	0	0	0	0	0	0	0	0	0	0	0.0677545	0.0677545	0.0677545	0	0	0	0	0	0	0	0	0	0	0	0	0	0	0	0	0	0	0	0	0	0	0	0	1	1	1	1	1	1	0	0	0	0	0	0	
6.4128	0	0	0	0	0	0	0	0	0	0	0	0	0	0	0	0.0667211	0.0667211	0.0667211	0	0	0	0	0	0	0	0	0	0	0	0	0	0	0	0	0	0	0	0	0	0	0	0	1	1	1	1	1	1	0	0	0	0	0	0	
6.4295	0	0	0	0	0	0	0	0	0	0	0	0	0	0	0	0.0652049	0.0652049	0.0652049	0	0	0	0	0	0	0	0	0	0	0	0	0	0	0	0	0	0	0	0	0	0	0	0	1	1	1	1	1	1	0	0	0	0	0	0	
6.4462	0	0	0	0	0	0	0	0	0	0	0	0	0	0	0	0.0633756	0.0633756	0.0633756	0	0	0	0	0	0	0	0	0	0	0	0	0	0	0	0	0	0	0	0	0	0	0	0	1	1	1	1	1	1	0	0	0	0	0	0	
6.4629	0	0	0	0	0	0	0	0	0	0	0	0	0	0	0	0.0612769	0.0612769	0.0612769	0	0	0	0	0	0	0	0	0	0	0	0	0	0	0	0	0	0	0	0	0	0	0	0	1	1	1	1	1	1	0	0	0	0	0	0	
6.4796	0	0	0	0	0	0	0	0	0	0	0	0	0	0	0	0.0589753	0.0589753	0.0589753	0	0	0	0	0	0	0	0	0	0	0	0	0	0	0	0	0	0	0	0	0	0	0	0	1	1	1	1	1	1	0	0	0	0	0	0	
6.4963	0	0	0	0	0	0	0	0	0	0	0	0	0	0	0	0.0565698	0.0565698	0.0565698	0	0	0	0	0	0	0	0	0	0	0	0	0	0	0	0	0	0	0	0	0	0	0	0	1	1	1	1	1	1	0	0	0	0	0	0	
6.513	0	0	0	0	0	0	0	0	0	0	0	0	0	0	0	0.0545309	0.0545309	0.0545309	0	0	0	0	0	0	0	0	0	0	0	0	0	0	0	0	0	0	0	0	0	0	0	0	1	1	1	1	1	1	0	0	0	0	0	0	
6.5297	0	0	0	0	0	0	0	0	0	0	0	0	0	0	0	0.0530241	0.0530241	0.0530241	0	0	0	0	0	0	0	0	0	0	0	0	0	0	0	0	0	0	0	0	0	0	0	0	1	1	1	1	1	1	0	0	0	0	0	0	
6.5464	0	0	0	0	0	0	0	0	0	0	0	0	0	0	0	0.0515979	0.0515979	0.0515979	0	0	0	0	0	0	0	0	0	0	0	0	0	0	0	0	0	0	0	0	0	0	0	0	1	1	1	1	1	1	0	0	0	0	0	0	
6.5631	0	0	0	0	0	0	0	0	0	0	0	0	0	0	0	0.0501603	0.0501603	0.0501603	0	0	0	0	0	0	0	0	0	0	0	0	0	0	0	0	0	0	0	0	0	0	0	0	1	1	1	1	1	1	0	0	0	0	0	0	
6.5798	0	0	0	0	0	0	0	0	0	0	0	0	0	0	0	0.0489403	0.0489403	0.0489403	0	0	0	0	0	0	0	0	0	0	0	0	0	0	0	0	0	0	0	0	0	0	0	0	1	1	1	1	1	1	0	0	0	0	0	0	
6.5965	0	0	0	0	0	0	0	0	0	0	0	0	0	0	0	0.0478918	0.0478918	0.0478918	0	0	0	0	0	0	0	0	0	0	0	0	0	0	0	0	0	0	0	0	0	0	0	0	1	1	1	1	1	1	0	0	0	0	0	0	
6.6132	0	0	0	0	0	0	0	0	0	0	0	0	0	0	0	0.0470426	0.0470426	0.0470426	0	0	0	0	0	0	0	0	0	0	0	0	0	0	0	0	0	0	0	0	0	0	0	0	1	1	1	1	1	1	0	0	0	0	0	0	
6.6299	0	0	0	0	0	0	0	0	0	0	0	0	0	0	0	0.0465123	0.0465123	0.0465123	0	0	0	0	0	0	0	0	0	0	0	0	0	0	0	0	0	0	0	0	0	0	0	0	1	1	1	1	1	1	0	0	0	0	0	0	
6.6466	0	0	0	0	0	0	0	0	0	0	0	0	0	0	0	0.0464575	0.0464575	0.0464575	0	0	0	0	0	0	0	0	0	0	0	0	0	0	0	0	0	0	0	0	0	0	0	0	1	1	1	1	1	1	0	0	0	0	0	0	
6.6633	0	0	0	0	0	0	0	0	0	0	0	0	0	0	0	0.0471105	0.0471105	0.0471105	0	0	0	0	0	0	0	0	0	0	0	0	0	0	0	0	0	0	0	0	0	0	0	0	1	1	1	1	1	1	0	0	0	0	0	0	
6.68	0	0	0	0	0	0	0	0	0	0	0	0	0	0	0	0.0480064	0.0480064	0.0480064	0	0	0	0	0	0	0	0	0	0	0	0	0	0	0	0	0	0	0	0	0	0	0	0	1	1	1	1	1	1	0	0	0	0	0	0	
6.6967	0	0	0	0	0	0	0	0	0	0	0	0	0	0	0	0.049446	0.049446	0.049446	0	0	0	0	0	0	0	0	0	0	0	0	0	0	0	0	0	0	0	0	0	0	0	0	1	1	1	1	1	1	0	0	0	0	0	0	
6.7134	0	0	0	0	0	0	0	0	0	0	0	0	0	0	0	0.0514351	0.0514351	0.0514351	0	0	0	0	0	0	0	0	0	0	0	0	0	0	0	0	0	0	0	0	0	0	0	0	1	1	1	1	1	1	0	0	0	0	0	0	
6.7301	0	0	0	0	0	0	0	0	0	0	0	0	0	0	0	0.0537655	0.0537655	0.0537655	0	0	0	0	0	0	0	0	0	0	0	0	0	0	0	0	0	0	0	0	0	0	0	0	1	1	1	1	1	1	0	0	0	0	0	0	
6.7468	0	0	0	0	0	0	0	0	0	0	0	0	0	0	0	0.0561444	0.0561444	0.0561444	0	0	0	0	0	0	0	0	0	0	0	0	0	0	0	0	0	0	0	0	0	0	0	0	1	1	1	1	1	1	0	0	0	0	0	0	
6.7635	0	0	0	0	0	0	0	0	0	0	0	0	0	0	0	0.058283	0.058283	0.058283	0	0	0	0	0	0	0	0	0	0	0	0	0	0	0	0	0	0	0	0	0	0	0	0	1	1	1	1	1	1	0	0	0	0	0	0	
6.7802	0	0	0	0	0	0	0	0	0	0	0	0	0	0	0	0.0601915	0.0601915	0.0601915	0	0	0	0	0	0	0	0	0	0	0	0	0	0	0	0	0	0	0	0	0	0	0	0	1	1	1	1	1	1	0	0	0	0	0	0	
6.7969	0	0	0	0	0	0	0	0	0	0	0	0	0	0	0	0.0618135	0.0618135	0.0618135	0	0	0	0	0	0	0	0	0	0	0	0	0	0	0	0	0	0	0	0	0	0	0	0	1	1	1	1	1	1	0	0	0	0	0	0	
6.8136	0	0	0	0	0	0	0	0	0	0	0	0	0	0	0	0.0630844	0.0630844	0.0630844	0	0	0	0	0	0	0	0	0	0	0	0	0	0	0	0	0	0	0	0	0	0	0	0	1	1	1	1	1	1	0	0	0	0	0	0	
6.8303	0	0	0	0	0	0	0	0	0	0	0	0	0	0	0	0.0639707	0.0639707	0.0639707	0	0	0	0	0	0	0	0	0	0	0	0	0	0	0	0	0	0	0	0	0	0	0	0	1	1	1	1	1	1	0	0	0	0	0	0	
6.847	0	0	0	0	0	0	0	0	0	0	0	0	0	0	0	0.0644576	0.0644576	0.0644576	0	0	0	0	0	0	0	0	0	0	0	0	0	0	0	0	0	0	0	0	0	0	0	0	1	1	1	1	1	1	0	0	0	0	0	0	
6.8637	0	0	0	0	0	0	0	0	0	0	0	0	0	0	0	0.0645343	0.0645343	0.0645343	0	0	0	0	0	0	0	0	0	0	0	0	0	0	0	0	0	0	0	0	0	0	0	0	1	1	1	1	1	1	0	0	0	0	0	0	
6.8804	0	0	0	0	0	0	0	0	0	0	0	0	0	0	0	0.0641918	0.0641918	0.0641918	0	0	0	0	0	0	0	0	0	0	0	0	0	0	0	0	0	0	0	0	0	0	0	0	1	1	1	1	1	1	0	0	0	0	0	0	
6.8971	0	0	0	0	0	0	0	0	0	0	0	0	0	0	0	0.0633779	0.0633779	0.0633779	0	0	0	0	0	0	0	0	0	0	0	0	0	0	0	0	0	0	0	0	0	0	0	0	1	1	1	1	1	1	0	0	0	0	0	0	
6.9138	0	0	0	0	0	0	0	0	0	0	0	0	0	0	0	0.0620873	0.0620873	0.0620873	0	0	0	0	0	0	0	0	0	0	0	0	0	0	0	0	0	0	0	0	0	0	0	0	1	1	1	1	1	1	0	0	0	0	0	0	
6.9305	0	0	0	0	0	0	0	0	0	0	0	0	0	0	0	0.060312	0.060312	0.060312	0	0	0	0	0	0	0	0	0	0	0	0	0	0	0	0	0	0	0	0	0	0	0	0	1	1	1	1	1	1	0	0	0	0	0	0	
6.9472	0	0	0	0	0	0	0	0	0	0	0	0	0	0	0	0.0581247	0.0581247	0.0581247	0	0	0	0	0	0	0	0	0	0	0	0	0	0	0	0	0	0	0	0	0	0	0	0	1	1	1	1	1	1	0	0	0	0	0	0	
6.9639	0	0	0	0	0	0	0	0	0	0	0	0	0	0	0	0.0555175	0.0555175	0.0555175	0	0	0	0	0	0	0	0	0	0	0	0	0	0	0	0	0	0	0	0	0	0	0	0	1	1	1	1	1	1	0	0	0	0	0	0	
6.9806	0	0	0	0	0	0	0	0	0	0	0	0	0	0	0	0.0525678	0.0525678	0.0525678	0	0	0	0	0	0	0	0	0	0	0	0	0	0	0	0	0	0	0	0	0	0	0	0	1	1	1	1	1	1	0	0	0	0	0	0	
6.9973	0	0	0	0	0	0	0	0	0	0	0	0	0	0	0	0.0492422	0.0492422	0.0492422	0	0	0	0	0	0	0	0	0	0	0	0	0	0	0	0	0	0	0	0	0	0	0	0	1	1	1	1	1	1	0	0	0	0	0	0	
7.014	0	0	0	0	0	0	0	0	0	0	0	0	0	0	0	0.0454882	0.0454882	0.0454882	0	0	0	0	0	0	0	0	0	0	0	0	0	0	0	0	0	0	0	0	0	0	0	0	1	1	1	1	1	1	0	0	0	0	0	0	
7.0307	0	0	0	0	0	0	0	0	0	0	0	0	0	0	0	0.0412441	0.0412441	0.0412441	0	0	0	0	0	0	0	0	0	0	0	0	0	0	0	0	0	0	0	0	0	0	0	0	1	1	1	1	1	1	0	0	0	0	0	0	
7.0474	0	0	0	0	0	0	0	0	0	0	0	0	0	0	0	0.0366346	0.0366346	0.0366346	0	0	0	0	0	0	0	0	0	0	0	0	0	0	0	0	0	0	0	0	0	0	0	0	1	1	1	1	1	1	0	0	0	0	0	0	
7.0641	0	0	0	0	0	0	0	0	0	0	0	0	0	0	0	0.0316751	0.0316751	0.0316751	0	0	0	0	0	0	0	0	0	0	0	0	0	0	0	0	0	0	0	0	0	0	0	0	1	1	1	1	1	1	0	0	0	0	0	0	
7.0808	0	0	0	0	0	0	0	0	0	0	0	0	0	0	0	0.0265933	0.0265933	0.0265933	0	0	0	0	0	0	0	0	0	0	0	0	0	0	0	0	0	0	0	0	0	0	0	0	1	1	1	1	1	1	0	0	0	0	0	0	
7.0975	0	0	0	0	0	0	0	0	0	0	0	0	0	0	0	0.0214538	0.0214538	0.0214538	0	0	0	0	0	0	0	0	0	0	0	0	0	0	0	0	0	0	0	0	0	0	0	0	1	1	1	1	1	1	0	0	0	0	0	0	
7.1142	0	0	0	0	0	0	0	0	0	0	0	0	0	0	0	0.0162001	0.0162001	0.0162001	0	0	0	0	0	0	0	0	0	0	0	0	0	0	0	0	0	0	0	0	0	0	0	0	1	1	1	1	1	1	0	0	0	0	0	0	
7.1309	0	0	0	0	0	0	0	0	0	0	0	0	0	0	0	0.0108293	0.0108293	0.0108293	0	0	0	0	0	0	0	0	0	0	0	0	0	0	0	0	0	0	0	0	0	0	0	0	1	1	1	1	1	1	0	0	0	0	0	0	
7.1476	0	0	0	0	0	0	0	0	0	0	0	0	0	0	0	0.0052619	0.0052619	0.0052619	0	0	0	0	0	0	0	0	0	0	0	0	0	0	0	0	0	0	0	0	0	0	0	0	1	1	1	1	1	1	0	0	0	0	0	0	
7.1643	0	0	0	0	0	0	0	0	0	0	0	0	0.000572722	0.000572722	0.000572722	0	0	0	0	0	0	0	0	0	0	0	0	0	0	0	0	0	0	0	0	0	0	0	0	0	0	0	1	1	1	1	1	1	0	0	0	0	0	0	
7.181	0	0	0	0	0	0	0	0	0	0	0	0	0.00664173	0.00664173	0.00664173	0	0	0	0	0	0	0	0	0	0	0	0	0	0	0	0	0	0	0	0	0	0	0	0	0	0	0	1	1	1	1	1	1	0	0	0	0	0	0	
7.1977	0	0	0	0	0	0	0	0	0	0	0	0	0.012506	0.012506	0.012506	0	0	0	0	0	0	0	0	0	0	0	0	0	0	0	0	0	0	0	0	0	0	0	0	0	0	0	1	1	1	1	1	1	0	0	0	0	0	0	
7.2144	0	0	0	0	0	0	0	0	0	0	0	0	0.0180286	0.0180286	0.0180286	0	0	0	0	0	0	0	0	0	0	0	0	0	0	0	0	0	0	0	0	0	0	0	0	0	0	0	1	1	1	1	1	1	0	0	0	0	0	0	
7.2311	0	0	0	0	0	0	0	0	0	0	0	0	0.0231152	0.0231152	0.0231152	0	0	0	0	0	0	0	0	0	0	0	0	0	0	0	0	0	0	0	0	0	0	0	0	0	0	0	1	1	1	1	1	1	0	0	0	0	0	0	
7.2478	0	0	0	0	0	0	0	0	0	0	0	0	0.0277469	0.0277469	0.0277469	0	0	0	0	0	0	0	0	0	0	0	0	0	0	0	0	0	0	0	0	0	0	0	0	0	0	0	1	1	1	1	1	1	0	0	0	0	0	0	
7.2645	0	0	0	0	0	0	0	0	0	0	0	0	0.0319561	0.0319561	0.0319561	0	0	0	0	0	0	0	0	0	0	0	0	0	0	0	0	0	0	0	0	0	0	0	0	0	0	0	1	1	1	1	1	1	0	0	0	0	0	0	
7.2812	0	0	0	0	0	0	0	0	0	0	0	0	0.0357642	0.0357642	0.0357642	0	0	0	0	0	0	0	0	0	0	0	0	0	0	0	0	0	0	0	0	0	0	0	0	0	0	0	1	1	1	1	1	1	0	0	0	0	0	0	
7.2979	0	0	0	0	0	0	0	0	0	0	0	0	0.0392082	0.0392082	0.0392082	0	0	0	0	0	0	0	0	0	0	0	0	0	0	0	0	0	0	0	0	0	0	0	0	0	0	0	1	1	1	1	1	1	0	0	0	0	0	0	
7.3146	0	0	0	0	0	0	0	0	0	0	0	0	0.0424991	0.0424991	0.0424991	0	0	0	0	0	0	0	0	0	0	0	0	0	0	0	0	0	0	0	0	0	0	0	0	0	0	0	1	1	1	1	1	1	0	0	0	0	0	0	
7.3313	0	0	0	0	0	0	0	0	0	0	0	0	0.0457976	0.0457976	0.0457976	0	0	0	0	0	0	0	0	0	0	0	0	0	0	0	0	0	0	0	0	0	0	0	0	0	0	0	1	1	1	1	1	1	0	0	0	0	0	0	
7.348	0	0	0	0	0	0	0	0	0	0	0	0	0.0491661	0.0491661	0.0491661	0	0	0	0	0	0	0	0	0	0	0	0	0	0	0	0	0	0	0	0	0	0	0	0	0	0	0	1	1	1	1	1	1	0	0	0	0	0	0	
7.3647	0	0	0	0	0	0	0	0	0	0	0	0	0.052441	0.052441	0.052441	0	0	0	0	0	0	0	0	0	0	0	0	0	0	0	0	0	0	0	0	0	0	0	0	0	0	0	1	1	1	1	1	1	0	0	0	0	0	0	
7.3814	0	0	0	0	0	0	0	0	0	0	0	0	0.0557337	0.0557337	0.0557337	0	0	0	0	0	0	0	0	0	0	0	0	0	0	0	0	0	0	0	0	0	0	0	0	0	0	0	1	1	1	1	1	1	0	0	0	0	0	0	
7.3981	0	0	0	0	0	0	0	0	0	0	0	0	0.0589165	0.0589165	0.0589165	0	0	0	0	0	0	0	0	0	0	0	0	0	0	0	0	0	0	0	0	0	0	0	0	0	0	0	1	1	1	1	1	1	0	0	0	0	0	0	
7.4148	0	0	0	0	0	0	0	0	0	0	0	0	0.0620061	0.0620061	0.0620061	0	0	0	0	0	0	0	0	0	0	0	0	0	0	0	0	0	0	0	0	0	0	0	0	0	0	0	1	1	1	1	1	1	0	0	0	0	0	0	
7.4315	0	0	0	0	0	0	0	0	0	0	0	0	0.0650449	0.0650449	0.0650449	0	0	0	0	0	0	0	0	0	0	0	0	0	0	0	0	0	0	0	0	0	0	0	0	0	0	0	1	1	1	1	1	1	0	0	0	0	0	0	
7.4482	0	0	0	0	0	0	0	0	0	0	0	0	0.067983	0.067983	0.067983	0	0	0	0	0	0	0	0	0	0	0	0	0	0	0	0	0	0	0	0	0	0	0	0	0	0	0	1	1	1	1	1	1	0	0	0	0	0	0	
7.4649	0	0	0	0	0	0	0	0	0	0	0	0	0.0707181	0.0707181	0.0707181	0	0	0	0	0	0	0	0	0	0	0	0	0	0	0	0	0	0	0	0	0	0	0	0	0	0	0	1	1	1	1	1	1	0	0	0	0	0	0	
7.4816	0	0	0	0	0	0	0	0	0	0	0	0	0.0732221	0.0732221	0.0732221	0	0	0	0	0	0	0	0	0	0	0	0	0	0	0	0	0	0	0	0	0	0	0	0	0	0	0	1	1	1	1	1	1	0	0	0	0	0	0	
7.4983	0	0	0	0	0	0	0	0	0	0	0	0	0.0748928	0.0748928	0.0748928	0	0	0	0	0	0	0	0	0	0	0	0	0	0	0	0	0	0	0	0	0	0	0	0	0	0	0	1	1	1	1	1	1	0	0	0	0	0	0	
7.515	0	0	0	0	0	0	0	0	0	0	0	0	0.0755111	0.0755111	0.0755111	0	0	0	0	0	0	0	0	0	0	0	0	0	0	0	0	0	0	0	0	0	0	0	0	0	0	0	1	1	1	1	1	1	0	0	0	0	0	0	
7.5317	0	0	0	0	0	0	0	0	0	0	0	0	0.0751507	0.0751507	0.0751507	0	0	0	0	0	0	0	0	0	0	0	0	0	0	0	0	0	0	0	0	0	0	0	0	0	0	0	1	1	1	1	1	1	0	0	0	0	0	0	
7.5484	0	0	0	0	0	0	0	0	0	0	0	0	0.0740371	0.0740371	0.0740371	0	0	0	0	0	0	0	0	0	0	0	0	0	0	0	0	0	0	0	0	0	0	0	0	0	0	0	1	1	1	1	1	1	0	0	0	0	0	0	
7.5651	0	0	0	0	0	0	0	0	0	0	0	0	0.0720109	0.0720109	0.0720109	0	0	0	0	0	0	0	0	0	0	0	0	0	0	0	0	0	0	0	0	0	0	0	0	0	0	0	1	1	1	1	1	1	0	0	0	0	0	0	
7.5818	0	0	0	0	0	0	0	0	0	0	0	0	0.0695729	0.0695729	0.0695729	0	0	0	0	0	0	0	0	0	0	0	0	0	0	0	0	0	0	0	0	0	0	0	0	0	0	0	1	1	1	1	1	1	0	0	0	0	0	0	
7.5985	0	0	0	0	0	0	0	0	0	0	0	0	0.0668153	0.0668153	0.0668153	0	0	0	0	0	0	0	0	0	0	0	0	0	0	0	0	0	0	0	0	0	0	0	0	0	0	0	1	1	1	1	1	1	0	0	0	0	0	0	
7.6152	0	0	0	0	0	0	0	0	0	0	0	0	0.0639211	0.0639211	0.0639211	0	0	0	0	0	0	0	0	0	0	0	0	0	0	0	0	0	0	0	0	0	0	0	0	0	0	0	1	1	1	1	1	1	0	0	0	0	0	0	
7.6319	0	0	0	0	0	0	0	0	0	0	0	0	0.0605887	0.0605887	0.0605887	0	0	0	0	0	0	0	0	0	0	0	0	0	0	0	0	0	0	0	0	0	0	0	0	0	0	0	1	1	1	1	1	1	0	0	0	0	0	0	
7.6486	0	0	0	0	0	0	0	0	0	0	0	0	0.0566236	0.0566236	0.0566236	0	0	0	0	0	0	0	0	0	0	0	0	0	0	0	0	0	0	0	0	0	0	0	0	0	0	0	1	1	1	1	1	1	0	0	0	0	0	0	
7.6653	0	0	0	0	0	0	0	0	0	0	0	0	0.0522813	0.0522813	0.0522813	0	0	0	0	0	0	0	0	0	0	0	0	0	0	0	0	0	0	0	0	0	0	0	0	0	0	0	1	1	1	1	1	1	0	0	0	0	0	0	
7.682	0	0	0	0	0	0	0	0	0	0	0	0	0.0481086	0.0481086	0.0481086	0	0	0	0	0	0	0	0	0	0	0	0	0	0	0	0	0	0	0	0	0	0	0	0	0	0	0	1	1	1	1	1	1	0	0	0	0	0	0	
7.6987	0	0	0	0	0	0	0	0	0	0	0	0	0.0444265	0.0444265	0.0444265	0	0	0	0	0	0	0	0	0	0	0	0	0	0	0	0	0	0	0	0	0	0	0	0	0	0	0	1	1	1	1	1	1	0	0	0	0	0	0	
7.7154	0	0	0	0	0	0	0	0	0	0	0	0	0.0413275	0.0413275	0.0413275	0	0	0	0	0	0	0	0	0	0	0	0	0	0	0	0	0	0	0	0	0	0	0	0	0	0	0	1	1	1	1	1	1	0	0	0	0	0	0	
7.7321	0	0	0	0	0	0	0	0	0	0	0	0	0.0389314	0.0389314	0.0389314	0	0	0	0	0	0	0	0	0	0	0	0	0	0	0	0	0	0	0	0	0	0	0	0	0	0	0	1	1	1	1	1	1	0	0	0	0	0	0	
7.7488	0	0	0	0	0	0	0	0	0	0	0	0	0.0370791	0.0370791	0.0370791	0	0	0	0	0	0	0	0	0	0	0	0	0	0	0	0	0	0	0	0	0	0	0	0	0	0	0	1	1	1	1	1	1	0	0	0	0	0	0	
7.7655	0	0	0	0	0	0	0	0	0	0	0	0	0.0359594	0.0359594	0.0359594	0	0	0	0	0	0	0	0	0	0	0	0	0	0	0	0	0	0	0	0	0	0	0	0	0	0	0	1	1	1	1	1	1	0	0	0	0	0	0	
7.7822	0	0	0	0	0	0	0	0	0	0	0	0	0.0353861	0.0353861	0.0353861	0	0	0	0	0	0	0	0	0	0	0	0	0	0	0	0	0	0	0	0	0	0	0	0	0	0	0	1	1	1	1	1	1	0	0	0	0	0	0	
7.7989	0	0	0	0	0	0	0	0	0	0	0	0	0.0347992	0.0347992	0.0347992	0	0	0	0	0	0	0	0	0	0	0	0	0	0	0	0	0	0	0	0	0	0	0	0	0	0	0	1	1	1	1	1	1	0	0	0	0	0	0	
7.8156	0	0	0	0	0	0	0	0	0	0	0	0	0.0342288	0.0342288	0.0342288	0	0	0	0	0	0	0	0	0	0	0	0	0	0	0	0	0	0	0	0	0	0	0	0	0	0	0	1	1	1	1	1	1	0	0	0	0	0	0	
7.8323	0	0	0	0	0	0	0	0	0	0	0	0	0.0334547	0.0334547	0.0334547	0	0	0	0	0	0	0	0	0	0	0	0	0	0	0	0	0	0	0	0	0	0	0	0	0	0	0	1	1	1	1	1	1	0	0	0	0	0	0	
7.849	0	0	0	0	0	0	0	0	0	0	0	0	0.0325392	0.0325392	0.0325392	0	0	0	0	0	0	0	0	0	0	0	0	0	0	0	0	0	0	0	0	0	0	0	0	0	0	0	1	1	1	1	1	1	0	0	0	0	0	0	
7.8657	0	0	0	0	0	0	0	0	0	0	0	0	0.031472	0.031472	0.031472	0	0	0	0	0	0	0	0	0	0	0	0	0	0	0	0	0	0	0	0	0	0	0	0	0	0	0	1	1	1	1	1	1	0	0	0	0	0	0	
7.8824	0	0	0	0	0	0	0	0	0	0	0	0	0.0299499	0.0299499	0.0299499	0	0	0	0	0	0	0	0	0	0	0	0	0	0	0	0	0	0	0	0	0	0	0	0	0	0	0	1	1	1	1	1	1	0	0	0	0	0	0	
7.8991	0	0	0	0	0	0	0	0	0	0	0	0	0.0279373	0.0279373	0.0279373	0	0	0	0	0	0	0	0	0	0	0	0	0	0	0	0	0	0	0	0	0	0	0	0	0	0	0	1	1	1	1	1	1	0	0	0	0	0	0	
7.9158	0	0	0	0	0	0	0	0	0	0	0	0	0.0253408	0.0253408	0.0253408	0	0	0	0	0	0	0	0	0	0	0	0	0	0	0	0	0	0	0	0	0	0	0	0	0	0	0	1	1	1	1	1	1	0	0	0	0	0	0	
7.9325	0	0	0	0	0	0	0	0	0	0	0	0	0.0221624	0.0221624	0.0221624	0	0	0	0	0	0	0	0	0	0	0	0	0	0	0	0	0	0	0	0	0	0	0	0	0	0	0	1	1	1	1	1	1	0	0	0	0	0	0	
7.9492	0	0	0	0	0	0	0	0	0	0	0	0	0.0185525	0.0185525	0.0185525	0	0	0	0	0	0	0	0	0	0	0	0	0	0	0	0	0	0	0	0	0	0	0	0	0	0	0	1	1	1	1	1	1	0	0	0	0	0	0	
7.9659	0	0	0	0	0	0	0	0	0	0	0	0	0.0146239	0.0146239	0.0146239	0	0	0	0	0	0	0	0	0	0	0	0	0	0	0	0	0	0	0	0	0	0	0	0	0	0	0	1	1	1	1	1	1	0	0	0	0	0	0	
