sim_time	behavior_0leg_0	behavior_0leg_1	behavior_0leg_2	behavior_0leg_3	behavior_0leg_4	behavior_0leg_5	behavior_1leg_0	behavior_1leg_1	behavior_1leg_2	behavior_1leg_3	behavior_1leg_4	behavior_1leg_5	behavior_2leg_0	behavior_2leg_1	behavior_2leg_2	behavior_2leg_3	behavior_2leg_4	behavior_2leg_5	behavior_3leg_0	behavior_3leg_1	behavior_3leg_2	behavior_3leg_3	behavior_3leg_4	behavior_3leg_5	behavior_4leg_0	behavior_4leg_1	behavior_4leg_2	behavior_4leg_3	behavior_4leg_4	behavior_4leg_5	behavior_5leg_0	behavior_5leg_1	behavior_5leg_2	behavior_5leg_3	behavior_5leg_4	behavior_5leg_5	behavior_6leg_0	behavior_6leg_1	behavior_6leg_2	behavior_6leg_3	behavior_6leg_4	behavior_6leg_5	behavior_7leg_0	behavior_7leg_1	behavior_7leg_2	behavior_7leg_3	behavior_7leg_4	behavior_7leg_5	behavior_8leg_0	behavior_8leg_1	behavior_8leg_2	behavior_8leg_3	behavior_8leg_4	behavior_8leg_5	
0	0	0	0	0	0	0	0	0	0	0	0	0	0	0	0	0	0	0	0	0	0	0	0	0	0	0	0	0	0	0	0	0	0	0	0	0	0	0	0	0	0	0	1	1	1	1	1	1	0	0	0	0	0	0	
0	0	0	0	0	0	0	0	0	0	0	0	0	0	0	0	0	0	0	0	0	0	0	0	0	0	0	0	0	0	0	0	0	0	0	0	0	0	0	0	0	0	0	1	1	1	1	1	1	0	0	0	0	0	0	
0	0	0	0	0	0	0	0	0	0	0	0	0	0	0	0	0	0	0	0	0	0	0	0	0	0	0	0	0	0	0	0	0	0	0	0	0	0	0	0	0	0	0	1	1	1	1	1	1	0	0	0	0	0	0	
0	0	0	0	0	0	0	0	0	0	0	0	0	0	0	0	0	0	0	0	0	0	0	0	0	0	0	0	0	0	0	0	0	0	0	0	0	0	0	0	0	0	0	1	1	1	1	1	1	0	0	0	0	0	0	
0	0	0	0	0	0	0	0	0	0	0	0	0	0	0	0	0	0	0	0	0	0	0	0	0	0	0	0	0	0	0	0	0	0	0	0	0	0	0	0	0	0	0	1	1	1	1	1	1	0	0	0	0	0	0	
0	0	0	0	0	0	0	0	0	0	0	0	0	0	0	0	0	0	0	0	0	0	0	0	0	0	0	0	0	0	0	0	0	0	0	0	0	0	0	0	0	0	0	1	1	1	1	1	1	0	0	0	0	0	0	
0	0	0	0	0	0	0	0	0	0	0	0	0	0	0	0	0	0	0	0	0	0	0	0	0	0	0	0	0	0	0	0	0	0	0	0	0	0	0	0	0	0	0	1	1	1	1	1	1	0	0	0	0	0	0	
0	0	0	0	0	0	0	0	0	0	0	0	0	0	0	0	0	0	0	0	0	0	0	0	0	0	0	0	0	0	0	0	0	0	0	0	0	0	0	0	0	0	0	1	1	1	1	1	1	0	0	0	0	0	0	
0	0	0	0	0	0	0	0	0	0	0	0	0	0	0	0	0	0	0	0	0	0	0	0	0	0	0	0	0	0	0	0	0	0	0	0	0	0	0	0	0	0	0	1	1	1	1	1	1	0	0	0	0	0	0	
0	0	0	0	0	0	0	0	0	0	0	0	0	0	0	0	0	0	0	0	0	0	0	0	0	0	0	0	0	0	0	0	0	0	0	0	0	0	0	0	0	0	0	1	1	1	1	1	1	0	0	0	0	0	0	
0	0	0	0	0	0	0	0	0	0	0	0	0	0	0	0	0	0	0	0	0	0	0	0	0	0	0	0	0	0	0	0	0	0	0	0	0	0	0	0	0	0	0	1	1	1	1	1	1	0	0	0	0	0	0	
0	0	0	0	0	0	0	0	0	0	0	0	0	0	0	0	0	0	0	0	0	0	0	0	0	0	0	0	0	0	0	0	0	0	0	0	0	0	0	0	0	0	0	1	1	1	1	1	1	0	0	0	0	0	0	
0	0	0	0	0	0	0	0	0	0	0	0	0	0	0	0	0	0	0	0	0	0	0	0	0	0	0	0	0	0	0	0	0	0	0	0	0	0	0	0	0	0	0	1	1	1	1	1	1	0	0	0	0	0	0	
0.2004	0	0	0	0	0	0	0	0	0	0	0	0	0	0	0	0.00043885	0.00043885	0.00043885	0	0	0	0	0	0	0	0	0	0	0	0	0	0	0	0	0	0	0	0	0	0	0	0	1	1	1	1	1	1	0	0	0	0	0	0	
0.2171	0	0	0	0	0	0	0	0	0	0	0	0	0	0	0	0.000728524	0.000728524	0.000728524	0	0	0	0	0	0	0	0	0	0	0	0	0	0	0	0	0	0	0	0	0	0	0	0	1	1	1	1	1	1	0	0	0	0	0	0	
0.2338	0	0	0	0	0	0	0	0	0	0	0	0	0	0	0	0.000941799	0.000941799	0.000941799	0	0	0	0	0	0	0	0	0	0	0	0	0	0	0	0	0	0	0	0	0	0	0	0	1	1	1	1	1	1	0	0	0	0	0	0	
0.2505	0	0	0	0	0	0	0	0	0	0	0	0	0	0	0	0.00110457	0.00110457	0.00110457	0	0	0	0	0	0	0	0	0	0	0	0	0	0	0	0	0	0	0	0	0	0	0	0	1	1	1	1	1	1	0	0	0	0	0	0	
0.2672	0	0	0	0	0	0	0	0	0	0	0	0	0	0	0	0.0012036	0.0012036	0.0012036	0	0	0	0	0	0	0	0	0	0	0	0	0	0	0	0	0	0	0	0	0	0	0	0	1	1	1	1	1	1	0	0	0	0	0	0	
0.2839	0	0	0	0	0	0	0	0	0	0	0	0	0	0	0	0.000825851	0.000825851	0.000825851	0	0	0	0	0	0	0	0	0	0	0	0	0	0	0	0	0	0	0	0	0	0	0	0	1	1	1	1	1	1	0	0	0	0	0	0	
0.3006	0	0	0	0	0	0	0	0	0	0	0	0	0	0	0	0.000769346	0.000769346	0.000769346	0	0	0	0	0	0	0	0	0	0	0	0	0	0	0	0	0	0	0	0	0	0	0	0	1	1	1	1	1	1	0	0	0	0	0	0	
0.3173	0	0	0	0	0	0	0	0	0	0	0	0	0	0	0	0.00164905	0.00164905	0.00164905	0	0	0	0	0	0	0	0	0	0	0	0	0	0	0	0	0	0	0	0	0	0	0	0	1	1	1	1	1	1	0	0	0	0	0	0	
0.334	0	0	0	0	0	0	0	0	0	0	0	0	0	0	0	0.00283018	0.00283018	0.00283018	0	0	0	0	0	0	0	0	0	0	0	0	0	0	0	0	0	0	0	0	0	0	0	0	1	1	1	1	1	1	0	0	0	0	0	0	
0.3507	0	0	0	0	0	0	0	0	0	0	0	0	0	0	0	0.00395866	0.00395866	0.00395866	0	0	0	0	0	0	0	0	0	0	0	0	0	0	0	0	0	0	0	0	0	0	0	0	1	1	1	1	1	1	0	0	0	0	0	0	
0.3674	0	0	0	0	0	0	0	0	0	0	0	0	0	0	0	0.00499493	0.00499493	0.00499493	0	0	0	0	0	0	0	0	0	0	0	0	0	0	0	0	0	0	0	0	0	0	0	0	1	1	1	1	1	1	0	0	0	0	0	0	
0.3841	0	0	0	0	0	0	0	0	0	0	0	0	0	0	0	0.0059201	0.0059201	0.0059201	0	0	0	0	0	0	0	0	0	0	0	0	0	0	0	0	0	0	0	0	0	0	0	0	1	1	1	1	1	1	0	0	0	0	0	0	
0.4008	0	0	0	0	0	0	0	0	0	0	0	0	0	0	0	0.00698207	0.00698207	0.00698207	0	0	0	0	0	0	0	0	0	0	0	0	0	0	0	0	0	0	0	0	0	0	0	0	1	1	1	1	1	1	0	0	0	0	0	0	
0.4175	0	0	0	0	0	0	0	0	0	0	0	0	0	0	0	0.00835571	0.00835571	0.00835571	0	0	0	0	0	0	0	0	0	0	0	0	0	0	0	0	0	0	0	0	0	0	0	0	1	1	1	1	1	1	0	0	0	0	0	0	
0.4342	0	0	0	0	0	0	0	0	0	0	0	0	0	0	0	0.00951331	0.00951331	0.00951331	0	0	0	0	0	0	0	0	0	0	0	0	0	0	0	0	0	0	0	0	0	0	0	0	1	1	1	1	1	1	0	0	0	0	0	0	
0.4509	0	0	0	0	0	0	0	0	0	0	0	0	0	0	0	0.0104462	0.0104462	0.0104462	0	0	0	0	0	0	0	0	0	0	0	0	0	0	0	0	0	0	0	0	0	0	0	0	1	1	1	1	1	1	0	0	0	0	0	0	
0.4676	0	0	0	0	0	0	0	0	0	0	0	0	0	0	0	0.0111255	0.0111255	0.0111255	0	0	0	0	0	0	0	0	0	0	0	0	0	0	0	0	0	0	0	0	0	0	0	0	1	1	1	1	1	1	0	0	0	0	0	0	
0.4843	0	0	0	0	0	0	0	0	0	0	0	0	0	0	0	0.0116093	0.0116093	0.0116093	0	0	0	0	0	0	0	0	0	0	0	0	0	0	0	0	0	0	0	0	0	0	0	0	1	1	1	1	1	1	0	0	0	0	0	0	
0.501	0	0	0	0	0	0	0	0	0	0	0	0	0	0	0	0.0119611	0.0119611	0.0119611	0	0	0	0	0	0	0	0	0	0	0	0	0	0	0	0	0	0	0	0	0	0	0	0	1	1	1	1	1	1	0	0	0	0	0	0	
0.5177	0	0	0	0	0	0	0	0	0	0	0	0	0	0	0	0.0122654	0.0122654	0.0122654	0	0	0	0	0	0	0	0	0	0	0	0	0	0	0	0	0	0	0	0	0	0	0	0	1	1	1	1	1	1	0	0	0	0	0	0	
0.5344	0	0	0	0	0	0	0	0	0	0	0	0	0	0	0	0.0126877	0.0126877	0.0126877	0	0	0	0	0	0	0	0	0	0	0	0	0	0	0	0	0	0	0	0	0	0	0	0	1	1	1	1	1	1	0	0	0	0	0	0	
0.5511	0	0	0	0	0	0	0	0	0	0	0	0	0	0	0	0.0132068	0.0132068	0.0132068	0	0	0	0	0	0	0	0	0	0	0	0	0	0	0	0	0	0	0	0	0	0	0	0	1	1	1	1	1	1	0	0	0	0	0	0	
0.5678	0	0	0	0	0	0	0	0	0	0	0	0	0	0	0	0.013669	0.013669	0.013669	0	0	0	0	0	0	0	0	0	0	0	0	0	0	0	0	0	0	0	0	0	0	0	0	1	1	1	1	1	1	0	0	0	0	0	0	
0.5845	0	0	0	0	0	0	0	0	0	0	0	0	0	0	0	0.013867	0.013867	0.013867	0	0	0	0	0	0	0	0	0	0	0	0	0	0	0	0	0	0	0	0	0	0	0	0	1	1	1	1	1	1	0	0	0	0	0	0	
0.6012	0	0	0	0	0	0	0	0	0	0	0	0	0	0	0	0.0141418	0.0141418	0.0141418	0	0	0	0	0	0	0	0	0	0	0	0	0	0	0	0	0	0	0	0	0	0	0	0	1	1	1	1	1	1	0	0	0	0	0	0	
0.6179	0	0	0	0	0	0	0	0	0	0	0	0	0	0	0	0.0144759	0.0144759	0.0144759	0	0	0	0	0	0	0	0	0	0	0	0	0	0	0	0	0	0	0	0	0	0	0	0	1	1	1	1	1	1	0	0	0	0	0	0	
0.6346	0	0	0	0	0	0	0	0	0	0	0	0	0	0	0	0.0148188	0.0148188	0.0148188	0	0	0	0	0	0	0	0	0	0	0	0	0	0	0	0	0	0	0	0	0	0	0	0	1	1	1	1	1	1	0	0	0	0	0	0	
0.6513	0	0	0	0	0	0	0	0	0	0	0	0	0	0	0	0.0151834	0.0151834	0.0151834	0	0	0	0	0	0	0	0	0	0	0	0	0	0	0	0	0	0	0	0	0	0	0	0	1	1	1	1	1	1	0	0	0	0	0	0	
0.668	0	0	0	0	0	0	0	0	0	0	0	0	0	0	0	0.0154283	0.0154283	0.0154283	0	0	0	0	0	0	0	0	0	0	0	0	0	0	0	0	0	0	0	0	0	0	0	0	1	1	1	1	1	1	0	0	0	0	0	0	
0.6847	0	0	0	0	0	0	0	0	0	0	0	0	0	0	0	0.014956	0.014956	0.014956	0	0	0	0	0	0	0	0	0	0	0	0	0	0	0	0	0	0	0	0	0	0	0	0	1	1	1	1	1	1	0	0	0	0	0	0	
0.7014	0	0	0	0	0	0	0	0	0	0	0	0	0	0	0	0.0137277	0.0137277	0.0137277	0	0	0	0	0	0	0	0	0	0	0	0	0	0	0	0	0	0	0	0	0	0	0	0	1	1	1	1	1	1	0	0	0	0	0	0	
0.7181	0	0	0	0	0	0	0	0	0	0	0	0	0	0	0	0.0119505	0.0119505	0.0119505	0	0	0	0	0	0	0	0	0	0	0	0	0	0	0	0	0	0	0	0	0	0	0	0	1	1	1	1	1	1	0	0	0	0	0	0	
0.7348	0	0	0	0	0	0	0	0	0	0	0	0	0	0	0	0.0100692	0.0100692	0.0100692	0	0	0	0	0	0	0	0	0	0	0	0	0	0	0	0	0	0	0	0	0	0	0	0	1	1	1	1	1	1	0	0	0	0	0	0	
0.7515	0	0	0	0	0	0	0	0	0	0	0	0	0	0	0	0.00799245	0.00799245	0.00799245	0	0	0	0	0	0	0	0	0	0	0	0	0	0	0	0	0	0	0	0	0	0	0	0	1	1	1	1	1	1	0	0	0	0	0	0	
0.7682	0	0	0	0	0	0	0	0	0	0	0	0	0	0	0	0.0057338	0.0057338	0.0057338	0	0	0	0	0	0	0	0	0	0	0	0	0	0	0	0	0	0	0	0	0	0	0	0	1	1	1	1	1	1	0	0	0	0	0	0	
0.7849	0	0	0	0	0	0	0	0	0	0	0	0	0	0	0	0.0035405	0.0035405	0.0035405	0	0	0	0	0	0	0	0	0	0	0	0	0	0	0	0	0	0	0	0	0	0	0	0	1	1	1	1	1	1	0	0	0	0	0	0	
0.8016	0	0	0	0	0	0	0	0	0	0	0	0	0	0	0	0.00127	0.00127	0.00127	0	0	0	0	0	0	0	0	0	0	0	0	0	0	0	0	0	0	0	0	0	0	0	0	1	1	1	1	1	1	0	0	0	0	0	0	
0.8183	0	0	0	0	0	0	0	0	0	0	0	0	0.000862101	0.000862101	0.000862101	0	0	0	0	0	0	0	0	0	0	0	0	0	0	0	0	0	0	0	0	0	0	0	0	0	0	0	1	1	1	1	1	1	0	0	0	0	0	0	
0.835	0	0	0	0	0	0	0	0	0	0	0	0	0.00294869	0.00294869	0.00294869	0	0	0	0	0	0	0	0	0	0	0	0	0	0	0	0	0	0	0	0	0	0	0	0	0	0	0	1	1	1	1	1	1	0	0	0	0	0	0	
0.8517	0	0	0	0	0	0	0	0	0	0	0	0	0.00500492	0.00500492	0.00500492	0	0	0	0	0	0	0	0	0	0	0	0	0	0	0	0	0	0	0	0	0	0	0	0	0	0	0	1	1	1	1	1	1	0	0	0	0	0	0	
0.8684	0	0	0	0	0	0	0	0	0	0	0	0	0.00680067	0.00680067	0.00680067	0	0	0	0	0	0	0	0	0	0	0	0	0	0	0	0	0	0	0	0	0	0	0	0	0	0	0	1	1	1	1	1	1	0	0	0	0	0	0	
0.8851	0	0	0	0	0	0	0	0	0	0	0	0	0.00881625	0.00881625	0.00881625	0	0	0	0	0	0	0	0	0	0	0	0	0	0	0	0	0	0	0	0	0	0	0	0	0	0	0	1	1	1	1	1	1	0	0	0	0	0	0	
0.9018	0	0	0	0	0	0	0	0	0	0	0	0	0.0104512	0.0104512	0.0104512	0	0	0	0	0	0	0	0	0	0	0	0	0	0	0	0	0	0	0	0	0	0	0	0	0	0	0	1	1	1	1	1	1	0	0	0	0	0	0	
0.9185	0	0	0	0	0	0	0	0	0	0	0	0	0.0118717	0.0118717	0.0118717	0	0	0	0	0	0	0	0	0	0	0	0	0	0	0	0	0	0	0	0	0	0	0	0	0	0	0	1	1	1	1	1	1	0	0	0	0	0	0	
0.9352	0	0	0	0	0	0	0	0	0	0	0	0	0.0130997	0.0130997	0.0130997	0	0	0	0	0	0	0	0	0	0	0	0	0	0	0	0	0	0	0	0	0	0	0	0	0	0	0	1	1	1	1	1	1	0	0	0	0	0	0	
0.9519	0	0	0	0	0	0	0	0	0	0	0	0	0.0139423	0.0139423	0.0139423	0	0	0	0	0	0	0	0	0	0	0	0	0	0	0	0	0	0	0	0	0	0	0	0	0	0	0	1	1	1	1	1	1	0	0	0	0	0	0	
0.9686	0	0	0	0	0	0	0	0	0	0	0	0	0.0146548	0.0146548	0.0146548	0	0	0	0	0	0	0	0	0	0	0	0	0	0	0	0	0	0	0	0	0	0	0	0	0	0	0	1	1	1	1	1	1	0	0	0	0	0	0	
0.9853	0	0	0	0	0	0	0	0	0	0	0	0	0.0153905	0.0153905	0.0153905	0	0	0	0	0	0	0	0	0	0	0	0	0	0	0	0	0	0	0	0	0	0	0	0	0	0	0	1	1	1	1	1	1	0	0	0	0	0	0	
1.002	0	0	0	0	0	0	0	0	0	0	0	0	0.0164418	0.0164418	0.0164418	0	0	0	0	0	0	0	0	0	0	0	0	0	0	0	0	0	0	0	0	0	0	0	0	0	0	0	1	1	1	1	1	1	0	0	0	0	0	0	
1.0187	0	0	0	0	0	0	0	0	0	0	0	0	0.0177604	0.0177604	0.0177604	0	0	0	0	0	0	0	0	0	0	0	0	0	0	0	0	0	0	0	0	0	0	0	0	0	0	0	1	1	1	1	1	1	0	0	0	0	0	0	
1.0354	0	0	0	0	0	0	0	0	0	0	0	0	0.0193212	0.0193212	0.0193212	0	0	0	0	0	0	0	0	0	0	0	0	0	0	0	0	0	0	0	0	0	0	0	0	0	0	0	1	1	1	1	1	1	0	0	0	0	0	0	
1.0521	0	0	0	0	0	0	0	0	0	0	0	0	0.0210978	0.0210978	0.0210978	0	0	0	0	0	0	0	0	0	0	0	0	0	0	0	0	0	0	0	0	0	0	0	0	0	0	0	1	1	1	1	1	1	0	0	0	0	0	0	
1.0688	0	0	0	0	0	0	0	0	0	0	0	0	0.0229526	0.0229526	0.0229526	0	0	0	0	0	0	0	0	0	0	0	0	0	0	0	0	0	0	0	0	0	0	0	0	0	0	0	1	1	1	1	1	1	0	0	0	0	0	0	
1.0855	0	0	0	0	0	0	0	0	0	0	0	0	0.024894	0.024894	0.024894	0	0	0	0	0	0	0	0	0	0	0	0	0	0	0	0	0	0	0	0	0	0	0	0	0	0	0	1	1	1	1	1	1	0	0	0	0	0	0	
1.1022	0	0	0	0	0	0	0	0	0	0	0	0	0.0270198	0.0270198	0.0270198	0	0	0	0	0	0	0	0	0	0	0	0	0	0	0	0	0	0	0	0	0	0	0	0	0	0	0	1	1	1	1	1	1	0	0	0	0	0	0	
1.1189	0	0	0	0	0	0	0	0	0	0	0	0	0.0292999	0.0292999	0.0292999	0	0	0	0	0	0	0	0	0	0	0	0	0	0	0	0	0	0	0	0	0	0	0	0	0	0	0	1	1	1	1	1	1	0	0	0	0	0	0	
1.1356	0	0	0	0	0	0	0	0	0	0	0	0	0.0318378	0.0318378	0.0318378	0	0	0	0	0	0	0	0	0	0	0	0	0	0	0	0	0	0	0	0	0	0	0	0	0	0	0	1	1	1	1	1	1	0	0	0	0	0	0	
1.1523	0	0	0	0	0	0	0	0	0	0	0	0	0.03444	0.03444	0.03444	0	0	0	0	0	0	0	0	0	0	0	0	0	0	0	0	0	0	0	0	0	0	0	0	0	0	0	1	1	1	1	1	1	0	0	0	0	0	0	
1.169	0	0	0	0	0	0	0	0	0	0	0	0	0.0372181	0.0372181	0.0372181	0	0	0	0	0	0	0	0	0	0	0	0	0	0	0	0	0	0	0	0	0	0	0	0	0	0	0	1	1	1	1	1	1	0	0	0	0	0	0	
1.1857	0	0	0	0	0	0	0	0	0	0	0	0	0.0402651	0.0402651	0.0402651	0	0	0	0	0	0	0	0	0	0	0	0	0	0	0	0	0	0	0	0	0	0	0	0	0	0	0	1	1	1	1	1	1	0	0	0	0	0	0	
1.2024	0	0	0	0	0	0	0	0	0	0	0	0	0.0437749	0.0437749	0.0437749	0	0	0	0	0	0	0	0	0	0	0	0	0	0	0	0	0	0	0	0	0	0	0	0	0	0	0	1	1	1	1	1	1	0	0	0	0	0	0	
1.2191	0	0	0	0	0	0	0	0	0	0	0	0	0.047534	0.047534	0.047534	0	0	0	0	0	0	0	0	0	0	0	0	0	0	0	0	0	0	0	0	0	0	0	0	0	0	0	1	1	1	1	1	1	0	0	0	0	0	0	
1.2358	0	0	0	0	0	0	0	0	0	0	0	0	0.0504968	0.0504968	0.0504968	0	0	0	0	0	0	0	0	0	0	0	0	0	0	0	0	0	0	0	0	0	0	0	0	0	0	0	1	1	1	1	1	1	0	0	0	0	0	0	
1.2525	0	0	0	0	0	0	0	0	0	0	0	0	0.0527361	0.0527361	0.0527361	0	0	0	0	0	0	0	0	0	0	0	0	0	0	0	0	0	0	0	0	0	0	0	0	0	0	0	1	1	1	1	1	1	0	0	0	0	0	0	
1.2692	0	0	0	0	0	0	0	0	0	0	0	0	0.0543077	0.0543077	0.0543077	0	0	0	0	0	0	0	0	0	0	0	0	0	0	0	0	0	0	0	0	0	0	0	0	0	0	0	1	1	1	1	1	1	0	0	0	0	0	0	
1.2859	0	0	0	0	0	0	0	0	0	0	0	0	0.0552992	0.0552992	0.0552992	0	0	0	0	0	0	0	0	0	0	0	0	0	0	0	0	0	0	0	0	0	0	0	0	0	0	0	1	1	1	1	1	1	0	0	0	0	0	0	
1.3026	0	0	0	0	0	0	0	0	0	0	0	0	0.0559352	0.0559352	0.0559352	0	0	0	0	0	0	0	0	0	0	0	0	0	0	0	0	0	0	0	0	0	0	0	0	0	0	0	1	1	1	1	1	1	0	0	0	0	0	0	
1.3193	0	0	0	0	0	0	0	0	0	0	0	0	0.056439	0.056439	0.056439	0	0	0	0	0	0	0	0	0	0	0	0	0	0	0	0	0	0	0	0	0	0	0	0	0	0	0	1	1	1	1	1	1	0	0	0	0	0	0	
1.336	0	0	0	0	0	0	0	0	0	0	0	0	0.0570245	0.0570245	0.0570245	0	0	0	0	0	0	0	0	0	0	0	0	0	0	0	0	0	0	0	0	0	0	0	0	0	0	0	1	1	1	1	1	1	0	0	0	0	0	0	
1.3527	0	0	0	0	0	0	0	0	0	0	0	0	0.0577292	0.0577292	0.0577292	0	0	0	0	0	0	0	0	0	0	0	0	0	0	0	0	0	0	0	0	0	0	0	0	0	0	0	1	1	1	1	1	1	0	0	0	0	0	0	
1.3694	0	0	0	0	0	0	0	0	0	0	0	0	0.058503	0.058503	0.058503	0	0	0	0	0	0	0	0	0	0	0	0	0	0	0	0	0	0	0	0	0	0	0	0	0	0	0	1	1	1	1	1	1	0	0	0	0	0	0	
1.3861	0	0	0	0	0	0	0	0	0	0	0	0	0.0593612	0.0593612	0.0593612	0	0	0	0	0	0	0	0	0	0	0	0	0	0	0	0	0	0	0	0	0	0	0	0	0	0	0	1	1	1	1	1	1	0	0	0	0	0	0	
1.4028	0	0	0	0	0	0	0	0	0	0	0	0	0.0602871	0.0602871	0.0602871	0	0	0	0	0	0	0	0	0	0	0	0	0	0	0	0	0	0	0	0	0	0	0	0	0	0	0	1	1	1	1	1	1	0	0	0	0	0	0	
1.4195	0	0	0	0	0	0	0	0	0	0	0	0	0.0611451	0.0611451	0.0611451	0	0	0	0	0	0	0	0	0	0	0	0	0	0	0	0	0	0	0	0	0	0	0	0	0	0	0	1	1	1	1	1	1	0	0	0	0	0	0	
1.4362	0	0	0	0	0	0	0	0	0	0	0	0	0.0622407	0.0622407	0.0622407	0	0	0	0	0	0	0	0	0	0	0	0	0	0	0	0	0	0	0	0	0	0	0	0	0	0	0	1	1	1	1	1	1	0	0	0	0	0	0	
1.4529	0	0	0	0	0	0	0	0	0	0	0	0	0.063524	0.063524	0.063524	0	0	0	0	0	0	0	0	0	0	0	0	0	0	0	0	0	0	0	0	0	0	0	0	0	0	0	1	1	1	1	1	1	0	0	0	0	0	0	
1.4696	0	0	0	0	0	0	0	0	0	0	0	0	0.065022	0.065022	0.065022	0	0	0	0	0	0	0	0	0	0	0	0	0	0	0	0	0	0	0	0	0	0	0	0	0	0	0	1	1	1	1	1	1	0	0	0	0	0	0	
1.4863	0	0	0	0	0	0	0	0	0	0	0	0	0.066716	0.066716	0.066716	0	0	0	0	0	0	0	0	0	0	0	0	0	0	0	0	0	0	0	0	0	0	0	0	0	0	0	1	1	1	1	1	1	0	0	0	0	0	0	
1.503	0	0	0	0	0	0	0	0	0	0	0	0	0.0686228	0.0686228	0.0686228	0	0	0	0	0	0	0	0	0	0	0	0	0	0	0	0	0	0	0	0	0	0	0	0	0	0	0	1	1	1	1	1	1	0	0	0	0	0	0	
1.5197	0	0	0	0	0	0	0	0	0	0	0	0	0.070729	0.070729	0.070729	0	0	0	0	0	0	0	0	0	0	0	0	0	0	0	0	0	0	0	0	0	0	0	0	0	0	0	1	1	1	1	1	1	0	0	0	0	0	0	
1.5364	0	0	0	0	0	0	0	0	0	0	0	0	0.0729796	0.0729796	0.0729796	0	0	0	0	0	0	0	0	0	0	0	0	0	0	0	0	0	0	0	0	0	0	0	0	0	0	0	1	1	1	1	1	1	0	0	0	0	0	0	
1.5531	0	0	0	0	0	0	0	0	0	0	0	0	0.0754418	0.0754418	0.0754418	0	0	0	0	0	0	0	0	0	0	0	0	0	0	0	0	0	0	0	0	0	0	0	0	0	0	0	1	1	1	1	1	1	0	0	0	0	0	0	
1.5698	0	0	0	0	0	0	0	0	0	0	0	0	0.0777745	0.0777745	0.0777745	0	0	0	0	0	0	0	0	0	0	0	0	0	0	0	0	0	0	0	0	0	0	0	0	0	0	0	1	1	1	1	1	1	0	0	0	0	0	0	
1.5865	0	0	0	0	0	0	0	0	0	0	0	0	0.0800241	0.0800241	0.0800241	0	0	0	0	0	0	0	0	0	0	0	0	0	0	0	0	0	0	0	0	0	0	0	0	0	0	0	1	1	1	1	1	1	0	0	0	0	0	0	
1.6032	0	0	0	0	0	0	0	0	0	0	0	0	0.0820328	0.0820328	0.0820328	0	0	0	0	0	0	0	0	0	0	0	0	0	0	0	0	0	0	0	0	0	0	0	0	0	0	0	1	1	1	1	1	1	0	0	0	0	0	0	
1.6199	0	0	0	0	0	0	0	0	0	0	0	0	0.0838005	0.0838005	0.0838005	0	0	0	0	0	0	0	0	0	0	0	0	0	0	0	0	0	0	0	0	0	0	0	0	0	0	0	1	1	1	1	1	1	0	0	0	0	0	0	
1.6366	0	0	0	0	0	0	0	0	0	0	0	0	0.0854342	0.0854342	0.0854342	0	0	0	0	0	0	0	0	0	0	0	0	0	0	0	0	0	0	0	0	0	0	0	0	0	0	0	1	1	1	1	1	1	0	0	0	0	0	0	
1.6533	0	0	0	0	0	0	0	0	0	0	0	0	0.0869768	0.0869768	0.0869768	0	0	0	0	0	0	0	0	0	0	0	0	0	0	0	0	0	0	0	0	0	0	0	0	0	0	0	1	1	1	1	1	1	0	0	0	0	0	0	
1.67	0	0	0	0	0	0	0	0	0	0	0	0	0.0884853	0.0884853	0.0884853	0	0	0	0	0	0	0	0	0	0	0	0	0	0	0	0	0	0	0	0	0	0	0	0	0	0	0	1	1	1	1	1	1	0	0	0	0	0	0	
1.6867	0	0	0	0	0	0	0	0	0	0	0	0	0.0900097	0.0900097	0.0900097	0	0	0	0	0	0	0	0	0	0	0	0	0	0	0	0	0	0	0	0	0	0	0	0	0	0	0	1	1	1	1	1	1	0	0	0	0	0	0	
1.7034	0	0	0	0	0	0	0	0	0	0	0	0	0.0916302	0.0916302	0.0916302	0	0	0	0	0	0	0	0	0	0	0	0	0	0	0	0	0	0	0	0	0	0	0	0	0	0	0	1	1	1	1	1	1	0	0	0	0	0	0	
1.7201	0	0	0	0	0	0	0	0	0	0	0	0	0.0933507	0.0933507	0.0933507	0	0	0	0	0	0	0	0	0	0	0	0	0	0	0	0	0	0	0	0	0	0	0	0	0	0	0	1	1	1	1	1	1	0	0	0	0	0	0	
1.7368	0	0	0	0	0	0	0	0	0	0	0	0	0.0950793	0.0950793	0.0950793	0	0	0	0	0	0	0	0	0	0	0	0	0	0	0	0	0	0	0	0	0	0	0	0	0	0	0	1	1	1	1	1	1	0	0	0	0	0	0	
1.7535	0	0	0	0	0	0	0	0	0	0	0	0	0.0966198	0.0966198	0.0966198	0	0	0	0	0	0	0	0	0	0	0	0	0	0	0	0	0	0	0	0	0	0	0	0	0	0	0	1	1	1	1	1	1	0	0	0	0	0	0	
1.7702	0	0	0	0	0	0	0	0	0	0	0	0	0.0977904	0.0977904	0.0977904	0	0	0	0	0	0	0	0	0	0	0	0	0	0	0	0	0	0	0	0	0	0	0	0	0	0	0	1	1	1	1	1	1	0	0	0	0	0	0	
1.7869	0	0	0	0	0	0	0	0	0	0	0	0	0.0983631	0.0983631	0.0983631	0	0	0	0	0	0	0	0	0	0	0	0	0	0	0	0	0	0	0	0	0	0	0	0	0	0	0	1	1	1	1	1	1	0	0	0	0	0	0	
1.8036	0	0	0	0	0	0	0	0	0	0	0	0	0.0984437	0.0984437	0.0984437	0	0	0	0	0	0	0	0	0	0	0	0	0	0	0	0	0	0	0	0	0	0	0	0	0	0	0	1	1	1	1	1	1	0	0	0	0	0	0	
1.8203	0	0	0	0	0	0	0	0	0	0	0	0	0.0980693	0.0980693	0.0980693	0	0	0	0	0	0	0	0	0	0	0	0	0	0	0	0	0	0	0	0	0	0	0	0	0	0	0	1	1	1	1	1	1	0	0	0	0	0	0	
1.837	0	0	0	0	0	0	0	0	0	0	0	0	0.0970832	0.0970832	0.0970832	0	0	0	0	0	0	0	0	0	0	0	0	0	0	0	0	0	0	0	0	0	0	0	0	0	0	0	1	1	1	1	1	1	0	0	0	0	0	0	
1.8537	0	0	0	0	0	0	0	0	0	0	0	0	0.0956134	0.0956134	0.0956134	0	0	0	0	0	0	0	0	0	0	0	0	0	0	0	0	0	0	0	0	0	0	0	0	0	0	0	1	1	1	1	1	1	0	0	0	0	0	0	
1.8704	0	0	0	0	0	0	0	0	0	0	0	0	0.0941734	0.0941734	0.0941734	0	0	0	0	0	0	0	0	0	0	0	0	0	0	0	0	0	0	0	0	0	0	0	0	0	0	0	1	1	1	1	1	1	0	0	0	0	0	0	
1.8871	0	0	0	0	0	0	0	0	0	0	0	0	0.0927047	0.0927047	0.0927047	0	0	0	0	0	0	0	0	0	0	0	0	0	0	0	0	0	0	0	0	0	0	0	0	0	0	0	1	1	1	1	1	1	0	0	0	0	0	0	
1.9038	0	0	0	0	0	0	0	0	0	0	0	0	0.0914077	0.0914077	0.0914077	0	0	0	0	0	0	0	0	0	0	0	0	0	0	0	0	0	0	0	0	0	0	0	0	0	0	0	1	1	1	1	1	1	0	0	0	0	0	0	
1.9205	0	0	0	0	0	0	0	0	0	0	0	0	0.090311	0.090311	0.090311	0	0	0	0	0	0	0	0	0	0	0	0	0	0	0	0	0	0	0	0	0	0	0	0	0	0	0	1	1	1	1	1	1	0	0	0	0	0	0	
1.9372	0	0	0	0	0	0	0	0	0	0	0	0	0.0893764	0.0893764	0.0893764	0	0	0	0	0	0	0	0	0	0	0	0	0	0	0	0	0	0	0	0	0	0	0	0	0	0	0	1	1	1	1	1	1	0	0	0	0	0	0	
1.9539	0	0	0	0	0	0	0	0	0	0	0	0	0.0884836	0.0884836	0.0884836	0	0	0	0	0	0	0	0	0	0	0	0	0	0	0	0	0	0	0	0	0	0	0	0	0	0	0	1	1	1	1	1	1	0	0	0	0	0	0	
1.9706	0	0	0	0	0	0	0	0	0	0	0	0	0.0874018	0.0874018	0.0874018	0	0	0	0	0	0	0	0	0	0	0	0	0	0	0	0	0	0	0	0	0	0	0	0	0	0	0	1	1	1	1	1	1	0	0	0	0	0	0	
1.9873	0	0	0	0	0	0	0	0	0	0	0	0	0.0862916	0.0862916	0.0862916	0	0	0	0	0	0	0	0	0	0	0	0	0	0	0	0	0	0	0	0	0	0	0	0	0	0	0	1	1	1	1	1	1	0	0	0	0	0	0	
2.004	0	0	0	0	0	0	0	0	0	0	0	0	0.0857552	0.0857552	0.0857552	0	0	0	0	0	0	0	0	0	0	0	0	0	0	0	0	0	0	0	0	0	0	0	0	0	0	0	1	1	1	1	1	1	0	0	0	0	0	0	
2.0207	0	0	0	0	0	0	0	0	0	0	0	0	0.085939	0.085939	0.085939	0	0	0	0	0	0	0	0	0	0	0	0	0	0	0	0	0	0	0	0	0	0	0	0	0	0	0	1	1	1	1	1	1	0	0	0	0	0	0	
2.0374	0	0	0	0	0	0	0	0	0	0	0	0	0.0866586	0.0866586	0.0866586	0	0	0	0	0	0	0	0	0	0	0	0	0	0	0	0	0	0	0	0	0	0	0	0	0	0	0	1	1	1	1	1	1	0	0	0	0	0	0	
2.0541	0	0	0	0	0	0	0	0	0	0	0	0	0.0879672	0.0879672	0.0879672	0	0	0	0	0	0	0	0	0	0	0	0	0	0	0	0	0	0	0	0	0	0	0	0	0	0	0	1	1	1	1	1	1	0	0	0	0	0	0	
2.0708	0	0	0	0	0	0	0	0	0	0	0	0	0.0898552	0.0898552	0.0898552	0	0	0	0	0	0	0	0	0	0	0	0	0	0	0	0	0	0	0	0	0	0	0	0	0	0	0	1	1	1	1	1	1	0	0	0	0	0	0	
2.0875	0	0	0	0	0	0	0	0	0	0	0	0	0.0924885	0.0924885	0.0924885	0	0	0	0	0	0	0	0	0	0	0	0	0	0	0	0	0	0	0	0	0	0	0	0	0	0	0	1	1	1	1	1	1	0	0	0	0	0	0	
2.1042	0	0	0	0	0	0	0	0	0	0	0	0	0.095635	0.095635	0.095635	0	0	0	0	0	0	0	0	0	0	0	0	0	0	0	0	0	0	0	0	0	0	0	0	0	0	0	1	1	1	1	1	1	0	0	0	0	0	0	
2.1209	0	0	0	0	0	0	0	0	0	0	0	0	0.0988911	0.0988911	0.0988911	0	0	0	0	0	0	0	0	0	0	0	0	0	0	0	0	0	0	0	0	0	0	0	0	0	0	0	1	1	1	1	1	1	0	0	0	0	0	0	
2.1376	0	0	0	0	0	0	0	0	0	0	0	0	0.102217	0.102217	0.102217	0	0	0	0	0	0	0	0	0	0	0	0	0	0	0	0	0	0	0	0	0	0	0	0	0	0	0	1	1	1	1	1	1	0	0	0	0	0	0	
2.1543	0	0	0	0	0	0	0	0	0	0	0	0	0.10536	0.10536	0.10536	0	0	0	0	0	0	0	0	0	0	0	0	0	0	0	0	0	0	0	0	0	0	0	0	0	0	0	1	1	1	1	1	1	0	0	0	0	0	0	
2.171	0	0	0	0	0	0	0	0	0	0	0	0	0.108362	0.108362	0.108362	0	0	0	0	0	0	0	0	0	0	0	0	0	0	0	0	0	0	0	0	0	0	0	0	0	0	0	1	1	1	1	1	1	0	0	0	0	0	0	
2.1877	0	0	0	0	0	0	0	0	0	0	0	0	0.11113	0.11113	0.11113	0	0	0	0	0	0	0	0	0	0	0	0	0	0	0	0	0	0	0	0	0	0	0	0	0	0	0	1	1	1	1	1	1	0	0	0	0	0	0	
2.2044	0	0	0	0	0	0	0	0	0	0	0	0	0.113509	0.113509	0.113509	0	0	0	0	0	0	0	0	0	0	0	0	0	0	0	0	0	0	0	0	0	0	0	0	0	0	0	1	1	1	1	1	1	0	0	0	0	0	0	
2.2211	0	0	0	0	0	0	0	0	0	0	0	0	0.115319	0.115319	0.115319	0	0	0	0	0	0	0	0	0	0	0	0	0	0	0	0	0	0	0	0	0	0	0	0	0	0	0	1	1	1	1	1	1	0	0	0	0	0	0	
2.2378	0	0	0	0	0	0	0	0	0	0	0	0	0.116388	0.116388	0.116388	0	0	0	0	0	0	0	0	0	0	0	0	0	0	0	0	0	0	0	0	0	0	0	0	0	0	0	1	1	1	1	1	1	0	0	0	0	0	0	
2.2545	0	0	0	0	0	0	0	0	0	0	0	0	0.116902	0.116902	0.116902	0	0	0	0	0	0	0	0	0	0	0	0	0	0	0	0	0	0	0	0	0	0	0	0	0	0	0	1	1	1	1	1	1	0	0	0	0	0	0	
2.2712	0	0	0	0	0	0	0	0	0	0	0	0	0.116841	0.116841	0.116841	0	0	0	0	0	0	0	0	0	0	0	0	0	0	0	0	0	0	0	0	0	0	0	0	0	0	0	1	1	1	1	1	1	0	0	0	0	0	0	
2.2879	0	0	0	0	0	0	0	0	0	0	0	0	0.11594	0.11594	0.11594	0	0	0	0	0	0	0	0	0	0	0	0	0	0	0	0	0	0	0	0	0	0	0	0	0	0	0	1	1	1	1	1	1	0	0	0	0	0	0	
2.3046	0	0	0	0	0	0	0	0	0	0	0	0	0.114381	0.114381	0.114381	0	0	0	0	0	0	0	0	0	0	0	0	0	0	0	0	0	0	0	0	0	0	0	0	0	0	0	1	1	1	1	1	1	0	0	0	0	0	0	
2.3213	0	0	0	0	0	0	0	0	0	0	0	0	0.112277	0.112277	0.112277	0	0	0	0	0	0	0	0	0	0	0	0	0	0	0	0	0	0	0	0	0	0	0	0	0	0	0	1	1	1	1	1	1	0	0	0	0	0	0	
2.338	0	0	0	0	0	0	0	0	0	0	0	0	0.109621	0.109621	0.109621	0	0	0	0	0	0	0	0	0	0	0	0	0	0	0	0	0	0	0	0	0	0	0	0	0	0	0	1	1	1	1	1	1	0	0	0	0	0	0	
2.3547	0	0	0	0	0	0	0	0	0	0	0	0	0.106541	0.106541	0.106541	0	0	0	0	0	0	0	0	0	0	0	0	0	0	0	0	0	0	0	0	0	0	0	0	0	0	0	1	1	1	1	1	1	0	0	0	0	0	0	
2.3714	0	0	0	0	0	0	0	0	0	0	0	0	0.103059	0.103059	0.103059	0	0	0	0	0	0	0	0	0	0	0	0	0	0	0	0	0	0	0	0	0	0	0	0	0	0	0	1	1	1	1	1	1	0	0	0	0	0	0	
2.3881	0	0	0	0	0	0	0	0	0	0	0	0	0.0991114	0.0991114	0.0991114	0	0	0	0	0	0	0	0	0	0	0	0	0	0	0	0	0	0	0	0	0	0	0	0	0	0	0	1	1	1	1	1	1	0	0	0	0	0	0	
2.4048	0	0	0	0	0	0	0	0	0	0	0	0	0.094763	0.094763	0.094763	0	0	0	0	0	0	0	0	0	0	0	0	0	0	0	0	0	0	0	0	0	0	0	0	0	0	0	1	1	1	1	1	1	0	0	0	0	0	0	
2.4215	0	0	0	0	0	0	0	0	0	0	0	0	0.0900905	0.0900905	0.0900905	0	0	0	0	0	0	0	0	0	0	0	0	0	0	0	0	0	0	0	0	0	0	0	0	0	0	0	1	1	1	1	1	1	0	0	0	0	0	0	
2.4382	0	0	0	0	0	0	0	0	0	0	0	0	0.0850483	0.0850483	0.0850483	0	0	0	0	0	0	0	0	0	0	0	0	0	0	0	0	0	0	0	0	0	0	0	0	0	0	0	1	1	1	1	1	1	0	0	0	0	0	0	
2.4549	0	0	0	0	0	0	0	0	0	0	0	0	0.0797274	0.0797274	0.0797274	0	0	0	0	0	0	0	0	0	0	0	0	0	0	0	0	0	0	0	0	0	0	0	0	0	0	0	1	1	1	1	1	1	0	0	0	0	0	0	
2.4716	0	0	0	0	0	0	0	0	0	0	0	0	0.0740977	0.0740977	0.0740977	0	0	0	0	0	0	0	0	0	0	0	0	0	0	0	0	0	0	0	0	0	0	0	0	0	0	0	1	1	1	1	1	1	0	0	0	0	0	0	
2.4883	0	0	0	0	0	0	0	0	0	0	0	0	0.0681794	0.0681794	0.0681794	0	0	0	0	0	0	0	0	0	0	0	0	0	0	0	0	0	0	0	0	0	0	0	0	0	0	0	1	1	1	1	1	1	0	0	0	0	0	0	
2.505	0	0	0	0	0	0	0	0	0	0	0	0	0.0619618	0.0619618	0.0619618	0	0	0	0	0	0	0	0	0	0	0	0	0	0	0	0	0	0	0	0	0	0	0	0	0	0	0	1	1	1	1	1	1	0	0	0	0	0	0	
2.5217	0	0	0	0	0	0	0	0	0	0	0	0	0.0553957	0.0553957	0.0553957	0	0	0	0	0	0	0	0	0	0	0	0	0	0	0	0	0	0	0	0	0	0	0	0	0	0	0	1	1	1	1	1	1	0	0	0	0	0	0	
2.5384	0	0	0	0	0	0	0	0	0	0	0	0	0.0485191	0.0485191	0.0485191	0	0	0	0	0	0	0	0	0	0	0	0	0	0	0	0	0	0	0	0	0	0	0	0	0	0	0	1	1	1	1	1	1	0	0	0	0	0	0	
2.5551	0	0	0	0	0	0	0	0	0	0	0	0	0.0417164	0.0417164	0.0417164	0	0	0	0	0	0	0	0	0	0	0	0	0	0	0	0	0	0	0	0	0	0	0	0	0	0	0	1	1	1	1	1	1	0	0	0	0	0	0	
2.5718	0	0	0	0	0	0	0	0	0	0	0	0	0.0351087	0.0351087	0.0351087	0	0	0	0	0	0	0	0	0	0	0	0	0	0	0	0	0	0	0	0	0	0	0	0	0	0	0	1	1	1	1	1	1	0	0	0	0	0	0	
2.5885	0	0	0	0	0	0	0	0	0	0	0	0	0.0286787	0.0286787	0.0286787	0	0	0	0	0	0	0	0	0	0	0	0	0	0	0	0	0	0	0	0	0	0	0	0	0	0	0	1	1	1	1	1	1	0	0	0	0	0	0	
2.6052	0	0	0	0	0	0	0	0	0	0	0	0	0.0223978	0.0223978	0.0223978	0	0	0	0	0	0	0	0	0	0	0	0	0	0	0	0	0	0	0	0	0	0	0	0	0	0	0	1	1	1	1	1	1	0	0	0	0	0	0	
2.6219	0	0	0	0	0	0	0	0	0	0	0	0	0.0162358	0.0162358	0.0162358	0	0	0	0	0	0	0	0	0	0	0	0	0	0	0	0	0	0	0	0	0	0	0	0	0	0	0	1	1	1	1	1	1	0	0	0	0	0	0	
2.6386	0	0	0	0	0	0	0	0	0	0	0	0	0.0101577	0.0101577	0.0101577	0	0	0	0	0	0	0	0	0	0	0	0	0	0	0	0	0	0	0	0	0	0	0	0	0	0	0	1	1	1	1	1	1	0	0	0	0	0	0	
2.6553	0	0	0	0	0	0	0	0	0	0	0	0	0.00412565	0.00412565	0.00412565	0	0	0	0	0	0	0	0	0	0	0	0	0	0	0	0	0	0	0	0	0	0	0	0	0	0	0	1	1	1	1	1	1	0	0	0	0	0	0	
2.672	0	0	0	0	0	0	0	0	0	0	0	0	0	0	0	0.00162418	0.00162418	0.00162418	0	0	0	0	0	0	0	0	0	0	0	0	0	0	0	0	0	0	0	0	0	0	0	0	1	1	1	1	1	1	0	0	0	0	0	0	
2.6887	0	0	0	0	0	0	0	0	0	0	0	0	0	0	0	0.00693463	0.00693463	0.00693463	0	0	0	0	0	0	0	0	0	0	0	0	0	0	0	0	0	0	0	0	0	0	0	0	1	1	1	1	1	1	0	0	0	0	0	0	
2.7054	0	0	0	0	0	0	0	0	0	0	0	0	0	0	0	0.0119139	0.0119139	0.0119139	0	0	0	0	0	0	0	0	0	0	0	0	0	0	0	0	0	0	0	0	0	0	0	0	1	1	1	1	1	1	0	0	0	0	0	0	
2.7221	0	0	0	0	0	0	0	0	0	0	0	0	0	0	0	0.0164564	0.0164564	0.0164564	0	0	0	0	0	0	0	0	0	0	0	0	0	0	0	0	0	0	0	0	0	0	0	0	1	1	1	1	1	1	0	0	0	0	0	0	
2.7388	0	0	0	0	0	0	0	0	0	0	0	0	0	0	0	0.0206682	0.0206682	0.0206682	0	0	0	0	0	0	0	0	0	0	0	0	0	0	0	0	0	0	0	0	0	0	0	0	1	1	1	1	1	1	0	0	0	0	0	0	
2.7555	0	0	0	0	0	0	0	0	0	0	0	0	0	0	0	0.0249542	0.0249542	0.0249542	0	0	0	0	0	0	0	0	0	0	0	0	0	0	0	0	0	0	0	0	0	0	0	0	1	1	1	1	1	1	0	0	0	0	0	0	
2.7722	0	0	0	0	0	0	0	0	0	0	0	0	0	0	0	0.0291698	0.0291698	0.0291698	0	0	0	0	0	0	0	0	0	0	0	0	0	0	0	0	0	0	0	0	0	0	0	0	1	1	1	1	1	1	0	0	0	0	0	0	
2.7889	0	0	0	0	0	0	0	0	0	0	0	0	0	0	0	0.032698	0.032698	0.032698	0	0	0	0	0	0	0	0	0	0	0	0	0	0	0	0	0	0	0	0	0	0	0	0	1	1	1	1	1	1	0	0	0	0	0	0	
2.8056	0	0	0	0	0	0	0	0	0	0	0	0	0	0	0	0.0358998	0.0358998	0.0358998	0	0	0	0	0	0	0	0	0	0	0	0	0	0	0	0	0	0	0	0	0	0	0	0	1	1	1	1	1	1	0	0	0	0	0	0	
2.8223	0	0	0	0	0	0	0	0	0	0	0	0	0	0	0	0.0393437	0.0393437	0.0393437	0	0	0	0	0	0	0	0	0	0	0	0	0	0	0	0	0	0	0	0	0	0	0	0	1	1	1	1	1	1	0	0	0	0	0	0	
2.839	0	0	0	0	0	0	0	0	0	0	0	0	0	0	0	0.0430191	0.0430191	0.0430191	0	0	0	0	0	0	0	0	0	0	0	0	0	0	0	0	0	0	0	0	0	0	0	0	1	1	1	1	1	1	0	0	0	0	0	0	
2.8557	0	0	0	0	0	0	0	0	0	0	0	0	0	0	0	0.0466158	0.0466158	0.0466158	0	0	0	0	0	0	0	0	0	0	0	0	0	0	0	0	0	0	0	0	0	0	0	0	1	1	1	1	1	1	0	0	0	0	0	0	
2.8724	0	0	0	0	0	0	0	0	0	0	0	0	0	0	0	0.0500553	0.0500553	0.0500553	0	0	0	0	0	0	0	0	0	0	0	0	0	0	0	0	0	0	0	0	0	0	0	0	1	1	1	1	1	1	0	0	0	0	0	0	
2.8891	0	0	0	0	0	0	0	0	0	0	0	0	0	0	0	0.0532236	0.0532236	0.0532236	0	0	0	0	0	0	0	0	0	0	0	0	0	0	0	0	0	0	0	0	0	0	0	0	1	1	1	1	1	1	0	0	0	0	0	0	
2.9058	0	0	0	0	0	0	0	0	0	0	0	0	0	0	0	0.0561004	0.0561004	0.0561004	0	0	0	0	0	0	0	0	0	0	0	0	0	0	0	0	0	0	0	0	0	0	0	0	1	1	1	1	1	1	0	0	0	0	0	0	
2.9225	0	0	0	0	0	0	0	0	0	0	0	0	0	0	0	0.0586614	0.0586614	0.0586614	0	0	0	0	0	0	0	0	0	0	0	0	0	0	0	0	0	0	0	0	0	0	0	0	1	1	1	1	1	1	0	0	0	0	0	0	
2.9392	0	0	0	0	0	0	0	0	0	0	0	0	0	0	0	0.0605585	0.0605585	0.0605585	0	0	0	0	0	0	0	0	0	0	0	0	0	0	0	0	0	0	0	0	0	0	0	0	1	1	1	1	1	1	0	0	0	0	0	0	
2.9559	0	0	0	0	0	0	0	0	0	0	0	0	0	0	0	0.0615823	0.0615823	0.0615823	0	0	0	0	0	0	0	0	0	0	0	0	0	0	0	0	0	0	0	0	0	0	0	0	1	1	1	1	1	1	0	0	0	0	0	0	
2.9726	0	0	0	0	0	0	0	0	0	0	0	0	0	0	0	0.0617654	0.0617654	0.0617654	0	0	0	0	0	0	0	0	0	0	0	0	0	0	0	0	0	0	0	0	0	0	0	0	1	1	1	1	1	1	0	0	0	0	0	0	
2.9893	0	0	0	0	0	0	0	0	0	0	0	0	0	0	0	0.0613174	0.0613174	0.0613174	0	0	0	0	0	0	0	0	0	0	0	0	0	0	0	0	0	0	0	0	0	0	0	0	1	1	1	1	1	1	0	0	0	0	0	0	
3.006	0	0	0	0	0	0	0	0	0	0	0	0	0	0	0	0.0603977	0.0603977	0.0603977	0	0	0	0	0	0	0	0	0	0	0	0	0	0	0	0	0	0	0	0	0	0	0	0	1	1	1	1	1	1	0	0	0	0	0	0	
3.0227	0	0	0	0	0	0	0	0	0	0	0	0	0	0	0	0.0593018	0.0593018	0.0593018	0	0	0	0	0	0	0	0	0	0	0	0	0	0	0	0	0	0	0	0	0	0	0	0	1	1	1	1	1	1	0	0	0	0	0	0	
3.0394	0	0	0	0	0	0	0	0	0	0	0	0	0	0	0	0.0578715	0.0578715	0.0578715	0	0	0	0	0	0	0	0	0	0	0	0	0	0	0	0	0	0	0	0	0	0	0	0	1	1	1	1	1	1	0	0	0	0	0	0	
3.0561	0	0	0	0	0	0	0	0	0	0	0	0	0	0	0	0.0563368	0.0563368	0.0563368	0	0	0	0	0	0	0	0	0	0	0	0	0	0	0	0	0	0	0	0	0	0	0	0	1	1	1	1	1	1	0	0	0	0	0	0	
3.0728	0	0	0	0	0	0	0	0	0	0	0	0	0	0	0	0.0551141	0.0551141	0.0551141	0	0	0	0	0	0	0	0	0	0	0	0	0	0	0	0	0	0	0	0	0	0	0	0	1	1	1	1	1	1	0	0	0	0	0	0	
3.0895	0	0	0	0	0	0	0	0	0	0	0	0	0	0	0	0.0539433	0.0539433	0.0539433	0	0	0	0	0	0	0	0	0	0	0	0	0	0	0	0	0	0	0	0	0	0	0	0	1	1	1	1	1	1	0	0	0	0	0	0	
3.1062	0	0	0	0	0	0	0	0	0	0	0	0	0	0	0	0.052572	0.052572	0.052572	0	0	0	0	0	0	0	0	0	0	0	0	0	0	0	0	0	0	0	0	0	0	0	0	1	1	1	1	1	1	0	0	0	0	0	0	
3.1229	0	0	0	0	0	0	0	0	0	0	0	0	0	0	0	0.0517668	0.0517668	0.0517668	0	0	0	0	0	0	0	0	0	0	0	0	0	0	0	0	0	0	0	0	0	0	0	0	1	1	1	1	1	1	0	0	0	0	0	0	
3.1396	0	0	0	0	0	0	0	0	0	0	0	0	0	0	0	0.0515875	0.0515875	0.0515875	0	0	0	0	0	0	0	0	0	0	0	0	0	0	0	0	0	0	0	0	0	0	0	0	1	1	1	1	1	1	0	0	0	0	0	0	
3.1563	0	0	0	0	0	0	0	0	0	0	0	0	0	0	0	0.052254	0.052254	0.052254	0	0	0	0	0	0	0	0	0	0	0	0	0	0	0	0	0	0	0	0	0	0	0	0	1	1	1	1	1	1	0	0	0	0	0	0	
3.173	0	0	0	0	0	0	0	0	0	0	0	0	0	0	0	0.0536596	0.0536596	0.0536596	0	0	0	0	0	0	0	0	0	0	0	0	0	0	0	0	0	0	0	0	0	0	0	0	1	1	1	1	1	1	0	0	0	0	0	0	
3.1897	0	0	0	0	0	0	0	0	0	0	0	0	0	0	0	0.0553306	0.0553306	0.0553306	0	0	0	0	0	0	0	0	0	0	0	0	0	0	0	0	0	0	0	0	0	0	0	0	1	1	1	1	1	1	0	0	0	0	0	0	
3.2064	0	0	0	0	0	0	0	0	0	0	0	0	0	0	0	0.0572336	0.0572336	0.0572336	0	0	0	0	0	0	0	0	0	0	0	0	0	0	0	0	0	0	0	0	0	0	0	0	1	1	1	1	1	1	0	0	0	0	0	0	
3.2231	0	0	0	0	0	0	0	0	0	0	0	0	0	0	0	0.0591865	0.0591865	0.0591865	0	0	0	0	0	0	0	0	0	0	0	0	0	0	0	0	0	0	0	0	0	0	0	0	1	1	1	1	1	1	0	0	0	0	0	0	
3.2398	0	0	0	0	0	0	0	0	0	0	0	0	0	0	0	0.0611032	0.0611032	0.0611032	0	0	0	0	0	0	0	0	0	0	0	0	0	0	0	0	0	0	0	0	0	0	0	0	1	1	1	1	1	1	0	0	0	0	0	0	
3.2565	0	0	0	0	0	0	0	0	0	0	0	0	0	0	0	0.0629108	0.0629108	0.0629108	0	0	0	0	0	0	0	0	0	0	0	0	0	0	0	0	0	0	0	0	0	0	0	0	1	1	1	1	1	1	0	0	0	0	0	0	
3.2732	0	0	0	0	0	0	0	0	0	0	0	0	0	0	0	0.064341	0.064341	0.064341	0	0	0	0	0	0	0	0	0	0	0	0	0	0	0	0	0	0	0	0	0	0	0	0	1	1	1	1	1	1	0	0	0	0	0	0	
3.2899	0	0	0	0	0	0	0	0	0	0	0	0	0	0	0	0.0652427	0.0652427	0.0652427	0	0	0	0	0	0	0	0	0	0	0	0	0	0	0	0	0	0	0	0	0	0	0	0	1	1	1	1	1	1	0	0	0	0	0	0	
3.3066	0	0	0	0	0	0	0	0	0	0	0	0	0	0	0	0.0654986	0.0654986	0.0654986	0	0	0	0	0	0	0	0	0	0	0	0	0	0	0	0	0	0	0	0	0	0	0	0	1	1	1	1	1	1	0	0	0	0	0	0	
3.3233	0	0	0	0	0	0	0	0	0	0	0	0	0	0	0	0.0652451	0.0652451	0.0652451	0	0	0	0	0	0	0	0	0	0	0	0	0	0	0	0	0	0	0	0	0	0	0	0	1	1	1	1	1	1	0	0	0	0	0	0	
3.34	0	0	0	0	0	0	0	0	0	0	0	0	0	0	0	0.0643464	0.0643464	0.0643464	0	0	0	0	0	0	0	0	0	0	0	0	0	0	0	0	0	0	0	0	0	0	0	0	1	1	1	1	1	1	0	0	0	0	0	0	
3.3567	0	0	0	0	0	0	0	0	0	0	0	0	0	0	0	0.062992	0.062992	0.062992	0	0	0	0	0	0	0	0	0	0	0	0	0	0	0	0	0	0	0	0	0	0	0	0	1	1	1	1	1	1	0	0	0	0	0	0	
3.3734	0	0	0	0	0	0	0	0	0	0	0	0	0	0	0	0.0610807	0.0610807	0.0610807	0	0	0	0	0	0	0	0	0	0	0	0	0	0	0	0	0	0	0	0	0	0	0	0	1	1	1	1	1	1	0	0	0	0	0	0	
3.3901	0	0	0	0	0	0	0	0	0	0	0	0	0	0	0	0.0586835	0.0586835	0.0586835	0	0	0	0	0	0	0	0	0	0	0	0	0	0	0	0	0	0	0	0	0	0	0	0	1	1	1	1	1	1	0	0	0	0	0	0	
3.4068	0	0	0	0	0	0	0	0	0	0	0	0	0	0	0	0.0557489	0.0557489	0.0557489	0	0	0	0	0	0	0	0	0	0	0	0	0	0	0	0	0	0	0	0	0	0	0	0	1	1	1	1	1	1	0	0	0	0	0	0	
3.4235	0	0	0	0	0	0	0	0	0	0	0	0	0	0	0	0.0520658	0.0520658	0.0520658	0	0	0	0	0	0	0	0	0	0	0	0	0	0	0	0	0	0	0	0	0	0	0	0	1	1	1	1	1	1	0	0	0	0	0	0	
3.4402	0	0	0	0	0	0	0	0	0	0	0	0	0	0	0	0.0480787	0.0480787	0.0480787	0	0	0	0	0	0	0	0	0	0	0	0	0	0	0	0	0	0	0	0	0	0	0	0	1	1	1	1	1	1	0	0	0	0	0	0	
3.4569	0	0	0	0	0	0	0	0	0	0	0	0	0	0	0	0.0437459	0.0437459	0.0437459	0	0	0	0	0	0	0	0	0	0	0	0	0	0	0	0	0	0	0	0	0	0	0	0	1	1	1	1	1	1	0	0	0	0	0	0	
3.4736	0	0	0	0	0	0	0	0	0	0	0	0	0	0	0	0.0389327	0.0389327	0.0389327	0	0	0	0	0	0	0	0	0	0	0	0	0	0	0	0	0	0	0	0	0	0	0	0	1	1	1	1	1	1	0	0	0	0	0	0	
3.4903	0	0	0	0	0	0	0	0	0	0	0	0	0	0	0	0.0335697	0.0335697	0.0335697	0	0	0	0	0	0	0	0	0	0	0	0	0	0	0	0	0	0	0	0	0	0	0	0	1	1	1	1	1	1	0	0	0	0	0	0	
3.507	0	0	0	0	0	0	0	0	0	0	0	0	0	0	0	0.0278138	0.0278138	0.0278138	0	0	0	0	0	0	0	0	0	0	0	0	0	0	0	0	0	0	0	0	0	0	0	0	1	1	1	1	1	1	0	0	0	0	0	0	
3.5237	0	0	0	0	0	0	0	0	0	0	0	0	0	0	0	0.0219341	0.0219341	0.0219341	0	0	0	0	0	0	0	0	0	0	0	0	0	0	0	0	0	0	0	0	0	0	0	0	1	1	1	1	1	1	0	0	0	0	0	0	
3.5404	0	0	0	0	0	0	0	0	0	0	0	0	0	0	0	0.016166	0.016166	0.016166	0	0	0	0	0	0	0	0	0	0	0	0	0	0	0	0	0	0	0	0	0	0	0	0	1	1	1	1	1	1	0	0	0	0	0	0	
3.5571	0	0	0	0	0	0	0	0	0	0	0	0	0	0	0	0.0105265	0.0105265	0.0105265	0	0	0	0	0	0	0	0	0	0	0	0	0	0	0	0	0	0	0	0	0	0	0	0	1	1	1	1	1	1	0	0	0	0	0	0	
3.5738	0	0	0	0	0	0	0	0	0	0	0	0	0	0	0	0.00563375	0.00563375	0.00563375	0	0	0	0	0	0	0	0	0	0	0	0	0	0	0	0	0	0	0	0	0	0	0	0	1	1	1	1	1	1	0	0	0	0	0	0	
3.5905	0	0	0	0	0	0	0	0	0	0	0	0	0	0	0	0.00145246	0.00145246	0.00145246	0	0	0	0	0	0	0	0	0	0	0	0	0	0	0	0	0	0	0	0	0	0	0	0	1	1	1	1	1	1	0	0	0	0	0	0	
3.6072	0	0	0	0	0	0	0	0	0	0	0	0	0.00220426	0.00220426	0.00220426	0	0	0	0	0	0	0	0	0	0	0	0	0	0	0	0	0	0	0	0	0	0	0	0	0	0	0	1	1	1	1	1	1	0	0	0	0	0	0	
3.6239	0	0	0	0	0	0	0	0	0	0	0	0	0.00547569	0.00547569	0.00547569	0	0	0	0	0	0	0	0	0	0	0	0	0	0	0	0	0	0	0	0	0	0	0	0	0	0	0	1	1	1	1	1	1	0	0	0	0	0	0	
3.6406	0	0	0	0	0	0	0	0	0	0	0	0	0.0083628	0.0083628	0.0083628	0	0	0	0	0	0	0	0	0	0	0	0	0	0	0	0	0	0	0	0	0	0	0	0	0	0	0	1	1	1	1	1	1	0	0	0	0	0	0	
3.6573	0	0	0	0	0	0	0	0	0	0	0	0	0.0110444	0.0110444	0.0110444	0	0	0	0	0	0	0	0	0	0	0	0	0	0	0	0	0	0	0	0	0	0	0	0	0	0	0	1	1	1	1	1	1	0	0	0	0	0	0	
3.674	0	0	0	0	0	0	0	0	0	0	0	0	0.0133493	0.0133493	0.0133493	0	0	0	0	0	0	0	0	0	0	0	0	0	0	0	0	0	0	0	0	0	0	0	0	0	0	0	1	1	1	1	1	1	0	0	0	0	0	0	
3.6907	0	0	0	0	0	0	0	0	0	0	0	0	0.0154846	0.0154846	0.0154846	0	0	0	0	0	0	0	0	0	0	0	0	0	0	0	0	0	0	0	0	0	0	0	0	0	0	0	1	1	1	1	1	1	0	0	0	0	0	0	
3.7074	0	0	0	0	0	0	0	0	0	0	0	0	0.0177571	0.0177571	0.0177571	0	0	0	0	0	0	0	0	0	0	0	0	0	0	0	0	0	0	0	0	0	0	0	0	0	0	0	1	1	1	1	1	1	0	0	0	0	0	0	
3.7241	0	0	0	0	0	0	0	0	0	0	0	0	0.0202805	0.0202805	0.0202805	0	0	0	0	0	0	0	0	0	0	0	0	0	0	0	0	0	0	0	0	0	0	0	0	0	0	0	1	1	1	1	1	1	0	0	0	0	0	0	
3.7408	0	0	0	0	0	0	0	0	0	0	0	0	0.0231338	0.0231338	0.0231338	0	0	0	0	0	0	0	0	0	0	0	0	0	0	0	0	0	0	0	0	0	0	0	0	0	0	0	1	1	1	1	1	1	0	0	0	0	0	0	
3.7575	0	0	0	0	0	0	0	0	0	0	0	0	0.0262711	0.0262711	0.0262711	0	0	0	0	0	0	0	0	0	0	0	0	0	0	0	0	0	0	0	0	0	0	0	0	0	0	0	1	1	1	1	1	1	0	0	0	0	0	0	
3.7742	0	0	0	0	0	0	0	0	0	0	0	0	0.0294271	0.0294271	0.0294271	0	0	0	0	0	0	0	0	0	0	0	0	0	0	0	0	0	0	0	0	0	0	0	0	0	0	0	1	1	1	1	1	1	0	0	0	0	0	0	
3.7909	0	0	0	0	0	0	0	0	0	0	0	0	0.0326165	0.0326165	0.0326165	0	0	0	0	0	0	0	0	0	0	0	0	0	0	0	0	0	0	0	0	0	0	0	0	0	0	0	1	1	1	1	1	1	0	0	0	0	0	0	
3.8076	0	0	0	0	0	0	0	0	0	0	0	0	0.0357664	0.0357664	0.0357664	0	0	0	0	0	0	0	0	0	0	0	0	0	0	0	0	0	0	0	0	0	0	0	0	0	0	0	1	1	1	1	1	1	0	0	0	0	0	0	
3.8243	0	0	0	0	0	0	0	0	0	0	0	0	0.0389889	0.0389889	0.0389889	0	0	0	0	0	0	0	0	0	0	0	0	0	0	0	0	0	0	0	0	0	0	0	0	0	0	0	1	1	1	1	1	1	0	0	0	0	0	0	
3.841	0	0	0	0	0	0	0	0	0	0	0	0	0.042359	0.042359	0.042359	0	0	0	0	0	0	0	0	0	0	0	0	0	0	0	0	0	0	0	0	0	0	0	0	0	0	0	1	1	1	1	1	1	0	0	0	0	0	0	
3.8577	0	0	0	0	0	0	0	0	0	0	0	0	0.0458055	0.0458055	0.0458055	0	0	0	0	0	0	0	0	0	0	0	0	0	0	0	0	0	0	0	0	0	0	0	0	0	0	0	1	1	1	1	1	1	0	0	0	0	0	0	
3.8744	0	0	0	0	0	0	0	0	0	0	0	0	0.0495065	0.0495065	0.0495065	0	0	0	0	0	0	0	0	0	0	0	0	0	0	0	0	0	0	0	0	0	0	0	0	0	0	0	1	1	1	1	1	1	0	0	0	0	0	0	
3.8911	0	0	0	0	0	0	0	0	0	0	0	0	0.0534546	0.0534546	0.0534546	0	0	0	0	0	0	0	0	0	0	0	0	0	0	0	0	0	0	0	0	0	0	0	0	0	0	0	1	1	1	1	1	1	0	0	0	0	0	0	
3.9078	0	0	0	0	0	0	0	0	0	0	0	0	0.0576732	0.0576732	0.0576732	0	0	0	0	0	0	0	0	0	0	0	0	0	0	0	0	0	0	0	0	0	0	0	0	0	0	0	1	1	1	1	1	1	0	0	0	0	0	0	
3.9245	0	0	0	0	0	0	0	0	0	0	0	0	0.0619341	0.0619341	0.0619341	0	0	0	0	0	0	0	0	0	0	0	0	0	0	0	0	0	0	0	0	0	0	0	0	0	0	0	1	1	1	1	1	1	0	0	0	0	0	0	
3.9412	0	0	0	0	0	0	0	0	0	0	0	0	0.0659161	0.0659161	0.0659161	0	0	0	0	0	0	0	0	0	0	0	0	0	0	0	0	0	0	0	0	0	0	0	0	0	0	0	1	1	1	1	1	1	0	0	0	0	0	0	
3.9579	0	0	0	0	0	0	0	0	0	0	0	0	0.0695916	0.0695916	0.0695916	0	0	0	0	0	0	0	0	0	0	0	0	0	0	0	0	0	0	0	0	0	0	0	0	0	0	0	1	1	1	1	1	1	0	0	0	0	0	0	
3.9746	0	0	0	0	0	0	0	0	0	0	0	0	0.0730108	0.0730108	0.0730108	0	0	0	0	0	0	0	0	0	0	0	0	0	0	0	0	0	0	0	0	0	0	0	0	0	0	0	1	1	1	1	1	1	0	0	0	0	0	0	
3.9913	0	0	0	0	0	0	0	0	0	0	0	0	0.0761291	0.0761291	0.0761291	0	0	0	0	0	0	0	0	0	0	0	0	0	0	0	0	0	0	0	0	0	0	0	0	0	0	0	1	1	1	1	1	1	0	0	0	0	0	0	
4.008	0	0	0	0	0	0	0	0	0	0	0	0	0.0788214	0.0788214	0.0788214	0	0	0	0	0	0	0	0	0	0	0	0	0	0	0	0	0	0	0	0	0	0	0	0	0	0	0	1	1	1	1	1	1	0	0	0	0	0	0	
4.0247	0	0	0	0	0	0	0	0	0	0	0	0	0.0808261	0.0808261	0.0808261	0	0	0	0	0	0	0	0	0	0	0	0	0	0	0	0	0	0	0	0	0	0	0	0	0	0	0	1	1	1	1	1	1	0	0	0	0	0	0	
4.0414	0	0	0	0	0	0	0	0	0	0	0	0	0.0820563	0.0820563	0.0820563	0	0	0	0	0	0	0	0	0	0	0	0	0	0	0	0	0	0	0	0	0	0	0	0	0	0	0	1	1	1	1	1	1	0	0	0	0	0	0	
4.0581	0	0	0	0	0	0	0	0	0	0	0	0	0.0824152	0.0824152	0.0824152	0	0	0	0	0	0	0	0	0	0	0	0	0	0	0	0	0	0	0	0	0	0	0	0	0	0	0	1	1	1	1	1	1	0	0	0	0	0	0	
4.0748	0	0	0	0	0	0	0	0	0	0	0	0	0.0820298	0.0820298	0.0820298	0	0	0	0	0	0	0	0	0	0	0	0	0	0	0	0	0	0	0	0	0	0	0	0	0	0	0	1	1	1	1	1	1	0	0	0	0	0	0	
4.0915	0	0	0	0	0	0	0	0	0	0	0	0	0.0813082	0.0813082	0.0813082	0	0	0	0	0	0	0	0	0	0	0	0	0	0	0	0	0	0	0	0	0	0	0	0	0	0	0	1	1	1	1	1	1	0	0	0	0	0	0	
4.1082	0	0	0	0	0	0	0	0	0	0	0	0	0.0806505	0.0806505	0.0806505	0	0	0	0	0	0	0	0	0	0	0	0	0	0	0	0	0	0	0	0	0	0	0	0	0	0	0	1	1	1	1	1	1	0	0	0	0	0	0	
4.1249	0	0	0	0	0	0	0	0	0	0	0	0	0.0801103	0.0801103	0.0801103	0	0	0	0	0	0	0	0	0	0	0	0	0	0	0	0	0	0	0	0	0	0	0	0	0	0	0	1	1	1	1	1	1	0	0	0	0	0	0	
4.1416	0	0	0	0	0	0	0	0	0	0	0	0	0.0796894	0.0796894	0.0796894	0	0	0	0	0	0	0	0	0	0	0	0	0	0	0	0	0	0	0	0	0	0	0	0	0	0	0	1	1	1	1	1	1	0	0	0	0	0	0	
4.1583	0	0	0	0	0	0	0	0	0	0	0	0	0.0787881	0.0787881	0.0787881	0	0	0	0	0	0	0	0	0	0	0	0	0	0	0	0	0	0	0	0	0	0	0	0	0	0	0	1	1	1	1	1	1	0	0	0	0	0	0	
4.175	0	0	0	0	0	0	0	0	0	0	0	0	0.0776918	0.0776918	0.0776918	0	0	0	0	0	0	0	0	0	0	0	0	0	0	0	0	0	0	0	0	0	0	0	0	0	0	0	1	1	1	1	1	1	0	0	0	0	0	0	
4.1917	0	0	0	0	0	0	0	0	0	0	0	0	0.0762751	0.0762751	0.0762751	0	0	0	0	0	0	0	0	0	0	0	0	0	0	0	0	0	0	0	0	0	0	0	0	0	0	0	1	1	1	1	1	1	0	0	0	0	0	0	
4.2084	0	0	0	0	0	0	0	0	0	0	0	0	0.0746297	0.0746297	0.0746297	0	0	0	0	0	0	0	0	0	0	0	0	0	0	0	0	0	0	0	0	0	0	0	0	0	0	0	1	1	1	1	1	1	0	0	0	0	0	0	
4.2251	0	0	0	0	0	0	0	0	0	0	0	0	0.0734205	0.0734205	0.0734205	0	0	0	0	0	0	0	0	0	0	0	0	0	0	0	0	0	0	0	0	0	0	0	0	0	0	0	1	1	1	1	1	1	0	0	0	0	0	0	
4.2418	0	0	0	0	0	0	0	0	0	0	0	0	0.0728913	0.0728913	0.0728913	0	0	0	0	0	0	0	0	0	0	0	0	0	0	0	0	0	0	0	0	0	0	0	0	0	0	0	1	1	1	1	1	1	0	0	0	0	0	0	
4.2585	0	0	0	0	0	0	0	0	0	0	0	0	0.0730403	0.0730403	0.0730403	0	0	0	0	0	0	0	0	0	0	0	0	0	0	0	0	0	0	0	0	0	0	0	0	0	0	0	1	1	1	1	1	1	0	0	0	0	0	0	
4.2752	0	0	0	0	0	0	0	0	0	0	0	0	0.0737873	0.0737873	0.0737873	0	0	0	0	0	0	0	0	0	0	0	0	0	0	0	0	0	0	0	0	0	0	0	0	0	0	0	1	1	1	1	1	1	0	0	0	0	0	0	
4.2919	0	0	0	0	0	0	0	0	0	0	0	0	0.0751412	0.0751412	0.0751412	0	0	0	0	0	0	0	0	0	0	0	0	0	0	0	0	0	0	0	0	0	0	0	0	0	0	0	1	1	1	1	1	1	0	0	0	0	0	0	
4.3086	0	0	0	0	0	0	0	0	0	0	0	0	0.0769458	0.0769458	0.0769458	0	0	0	0	0	0	0	0	0	0	0	0	0	0	0	0	0	0	0	0	0	0	0	0	0	0	0	1	1	1	1	1	1	0	0	0	0	0	0	
4.3253	0	0	0	0	0	0	0	0	0	0	0	0	0.0786961	0.0786961	0.0786961	0	0	0	0	0	0	0	0	0	0	0	0	0	0	0	0	0	0	0	0	0	0	0	0	0	0	0	1	1	1	1	1	1	0	0	0	0	0	0	
4.342	0	0	0	0	0	0	0	0	0	0	0	0	0.0804571	0.0804571	0.0804571	0	0	0	0	0	0	0	0	0	0	0	0	0	0	0	0	0	0	0	0	0	0	0	0	0	0	0	1	1	1	1	1	1	0	0	0	0	0	0	
4.3587	0	0	0	0	0	0	0	0	0	0	0	0	0.0821686	0.0821686	0.0821686	0	0	0	0	0	0	0	0	0	0	0	0	0	0	0	0	0	0	0	0	0	0	0	0	0	0	0	1	1	1	1	1	1	0	0	0	0	0	0	
4.3754	0	0	0	0	0	0	0	0	0	0	0	0	0.0837579	0.0837579	0.0837579	0	0	0	0	0	0	0	0	0	0	0	0	0	0	0	0	0	0	0	0	0	0	0	0	0	0	0	1	1	1	1	1	1	0	0	0	0	0	0	
4.3921	0	0	0	0	0	0	0	0	0	0	0	0	0.0850832	0.0850832	0.0850832	0	0	0	0	0	0	0	0	0	0	0	0	0	0	0	0	0	0	0	0	0	0	0	0	0	0	0	1	1	1	1	1	1	0	0	0	0	0	0	
4.4088	0	0	0	0	0	0	0	0	0	0	0	0	0.0860303	0.0860303	0.0860303	0	0	0	0	0	0	0	0	0	0	0	0	0	0	0	0	0	0	0	0	0	0	0	0	0	0	0	1	1	1	1	1	1	0	0	0	0	0	0	
4.4255	0	0	0	0	0	0	0	0	0	0	0	0	0.0865064	0.0865064	0.0865064	0	0	0	0	0	0	0	0	0	0	0	0	0	0	0	0	0	0	0	0	0	0	0	0	0	0	0	1	1	1	1	1	1	0	0	0	0	0	0	
4.4422	0	0	0	0	0	0	0	0	0	0	0	0	0.0863632	0.0863632	0.0863632	0	0	0	0	0	0	0	0	0	0	0	0	0	0	0	0	0	0	0	0	0	0	0	0	0	0	0	1	1	1	1	1	1	0	0	0	0	0	0	
4.4589	0	0	0	0	0	0	0	0	0	0	0	0	0.0855828	0.0855828	0.0855828	0	0	0	0	0	0	0	0	0	0	0	0	0	0	0	0	0	0	0	0	0	0	0	0	0	0	0	1	1	1	1	1	1	0	0	0	0	0	0	
4.4756	0	0	0	0	0	0	0	0	0	0	0	0	0.0840838	0.0840838	0.0840838	0	0	0	0	0	0	0	0	0	0	0	0	0	0	0	0	0	0	0	0	0	0	0	0	0	0	0	1	1	1	1	1	1	0	0	0	0	0	0	
4.4923	0	0	0	0	0	0	0	0	0	0	0	0	0.0818273	0.0818273	0.0818273	0	0	0	0	0	0	0	0	0	0	0	0	0	0	0	0	0	0	0	0	0	0	0	0	0	0	0	1	1	1	1	1	1	0	0	0	0	0	0	
4.509	0	0	0	0	0	0	0	0	0	0	0	0	0.0790458	0.0790458	0.0790458	0	0	0	0	0	0	0	0	0	0	0	0	0	0	0	0	0	0	0	0	0	0	0	0	0	0	0	1	1	1	1	1	1	0	0	0	0	0	0	
4.5257	0	0	0	0	0	0	0	0	0	0	0	0	0.0756564	0.0756564	0.0756564	0	0	0	0	0	0	0	0	0	0	0	0	0	0	0	0	0	0	0	0	0	0	0	0	0	0	0	1	1	1	1	1	1	0	0	0	0	0	0	
4.5424	0	0	0	0	0	0	0	0	0	0	0	0	0.071653	0.071653	0.071653	0	0	0	0	0	0	0	0	0	0	0	0	0	0	0	0	0	0	0	0	0	0	0	0	0	0	0	1	1	1	1	1	1	0	0	0	0	0	0	
4.5591	0	0	0	0	0	0	0	0	0	0	0	0	0.0671548	0.0671548	0.0671548	0	0	0	0	0	0	0	0	0	0	0	0	0	0	0	0	0	0	0	0	0	0	0	0	0	0	0	1	1	1	1	1	1	0	0	0	0	0	0	
4.5758	0	0	0	0	0	0	0	0	0	0	0	0	0.0621372	0.0621372	0.0621372	0	0	0	0	0	0	0	0	0	0	0	0	0	0	0	0	0	0	0	0	0	0	0	0	0	0	0	1	1	1	1	1	1	0	0	0	0	0	0	
4.5925	0	0	0	0	0	0	0	0	0	0	0	0	0.056613	0.056613	0.056613	0	0	0	0	0	0	0	0	0	0	0	0	0	0	0	0	0	0	0	0	0	0	0	0	0	0	0	1	1	1	1	1	1	0	0	0	0	0	0	
4.6092	0	0	0	0	0	0	0	0	0	0	0	0	0.0508849	0.0508849	0.0508849	0	0	0	0	0	0	0	0	0	0	0	0	0	0	0	0	0	0	0	0	0	0	0	0	0	0	0	1	1	1	1	1	1	0	0	0	0	0	0	
4.6259	0	0	0	0	0	0	0	0	0	0	0	0	0.0448791	0.0448791	0.0448791	0	0	0	0	0	0	0	0	0	0	0	0	0	0	0	0	0	0	0	0	0	0	0	0	0	0	0	1	1	1	1	1	1	0	0	0	0	0	0	
4.6426	0	0	0	0	0	0	0	0	0	0	0	0	0.0385764	0.0385764	0.0385764	0	0	0	0	0	0	0	0	0	0	0	0	0	0	0	0	0	0	0	0	0	0	0	0	0	0	0	1	1	1	1	1	1	0	0	0	0	0	0	
4.6593	0	0	0	0	0	0	0	0	0	0	0	0	0.0320487	0.0320487	0.0320487	0	0	0	0	0	0	0	0	0	0	0	0	0	0	0	0	0	0	0	0	0	0	0	0	0	0	0	1	1	1	1	1	1	0	0	0	0	0	0	
4.676	0	0	0	0	0	0	0	0	0	0	0	0	0.0255999	0.0255999	0.0255999	0	0	0	0	0	0	0	0	0	0	0	0	0	0	0	0	0	0	0	0	0	0	0	0	0	0	0	1	1	1	1	1	1	0	0	0	0	0	0	
4.6927	0	0	0	0	0	0	0	0	0	0	0	0	0.0192945	0.0192945	0.0192945	0	0	0	0	0	0	0	0	0	0	0	0	0	0	0	0	0	0	0	0	0	0	0	0	0	0	0	1	1	1	1	1	1	0	0	0	0	0	0	
4.7094	0	0	0	0	0	0	0	0	0	0	0	0	0.0131077	0.0131077	0.0131077	0	0	0	0	0	0	0	0	0	0	0	0	0	0	0	0	0	0	0	0	0	0	0	0	0	0	0	1	1	1	1	1	1	0	0	0	0	0	0	
4.7261	0	0	0	0	0	0	0	0	0	0	0	0	0.00736434	0.00736434	0.00736434	0	0	0	0	0	0	0	0	0	0	0	0	0	0	0	0	0	0	0	0	0	0	0	0	0	0	0	1	1	1	1	1	1	0	0	0	0	0	0	
4.7428	0	0	0	0	0	0	0	0	0	0	0	0	0.00217601	0.00217601	0.00217601	0	0	0	0	0	0	0	0	0	0	0	0	0	0	0	0	0	0	0	0	0	0	0	0	0	0	0	1	1	1	1	1	1	0	0	0	0	0	0	
4.7595	0	0	0	0	0	0	0	0	0	0	0	0	0	0	0	0.00254749	0.00254749	0.00254749	0	0	0	0	0	0	0	0	0	0	0	0	0	0	0	0	0	0	0	0	0	0	0	0	1	1	1	1	1	1	0	0	0	0	0	0	
4.7762	0	0	0	0	0	0	0	0	0	0	0	0	0	0	0	0.00694916	0.00694916	0.00694916	0	0	0	0	0	0	0	0	0	0	0	0	0	0	0	0	0	0	0	0	0	0	0	0	1	1	1	1	1	1	0	0	0	0	0	0	
4.7929	0	0	0	0	0	0	0	0	0	0	0	0	0	0	0	0.0111106	0.0111106	0.0111106	0	0	0	0	0	0	0	0	0	0	0	0	0	0	0	0	0	0	0	0	0	0	0	0	1	1	1	1	1	1	0	0	0	0	0	0	
4.8096	0	0	0	0	0	0	0	0	0	0	0	0	0	0	0	0.0151547	0.0151547	0.0151547	0	0	0	0	0	0	0	0	0	0	0	0	0	0	0	0	0	0	0	0	0	0	0	0	1	1	1	1	1	1	0	0	0	0	0	0	
4.8263	0	0	0	0	0	0	0	0	0	0	0	0	0	0	0	0.0192149	0.0192149	0.0192149	0	0	0	0	0	0	0	0	0	0	0	0	0	0	0	0	0	0	0	0	0	0	0	0	1	1	1	1	1	1	0	0	0	0	0	0	
4.843	0	0	0	0	0	0	0	0	0	0	0	0	0	0	0	0.0234331	0.0234331	0.0234331	0	0	0	0	0	0	0	0	0	0	0	0	0	0	0	0	0	0	0	0	0	0	0	0	1	1	1	1	1	1	0	0	0	0	0	0	
4.8597	0	0	0	0	0	0	0	0	0	0	0	0	0	0	0	0.0277489	0.0277489	0.0277489	0	0	0	0	0	0	0	0	0	0	0	0	0	0	0	0	0	0	0	0	0	0	0	0	1	1	1	1	1	1	0	0	0	0	0	0	
4.8764	0	0	0	0	0	0	0	0	0	0	0	0	0	0	0	0.0319639	0.0319639	0.0319639	0	0	0	0	0	0	0	0	0	0	0	0	0	0	0	0	0	0	0	0	0	0	0	0	1	1	1	1	1	1	0	0	0	0	0	0	
4.8931	0	0	0	0	0	0	0	0	0	0	0	0	0	0	0	0.0359674	0.0359674	0.0359674	0	0	0	0	0	0	0	0	0	0	0	0	0	0	0	0	0	0	0	0	0	0	0	0	1	1	1	1	1	1	0	0	0	0	0	0	
4.9098	0	0	0	0	0	0	0	0	0	0	0	0	0	0	0	0.039989	0.039989	0.039989	0	0	0	0	0	0	0	0	0	0	0	0	0	0	0	0	0	0	0	0	0	0	0	0	1	1	1	1	1	1	0	0	0	0	0	0	
4.9265	0	0	0	0	0	0	0	0	0	0	0	0	0	0	0	0.0438902	0.0438902	0.0438902	0	0	0	0	0	0	0	0	0	0	0	0	0	0	0	0	0	0	0	0	0	0	0	0	1	1	1	1	1	1	0	0	0	0	0	0	
4.9432	0	0	0	0	0	0	0	0	0	0	0	0	0	0	0	0.04791	0.04791	0.04791	0	0	0	0	0	0	0	0	0	0	0	0	0	0	0	0	0	0	0	0	0	0	0	0	1	1	1	1	1	1	0	0	0	0	0	0	
4.9599	0	0	0	0	0	0	0	0	0	0	0	0	0	0	0	0.0515041	0.0515041	0.0515041	0	0	0	0	0	0	0	0	0	0	0	0	0	0	0	0	0	0	0	0	0	0	0	0	1	1	1	1	1	1	0	0	0	0	0	0	
4.9766	0	0	0	0	0	0	0	0	0	0	0	0	0	0	0	0.0543675	0.0543675	0.0543675	0	0	0	0	0	0	0	0	0	0	0	0	0	0	0	0	0	0	0	0	0	0	0	0	1	1	1	1	1	1	0	0	0	0	0	0	
4.9933	0	0	0	0	0	0	0	0	0	0	0	0	0	0	0	0.0564148	0.0564148	0.0564148	0	0	0	0	0	0	0	0	0	0	0	0	0	0	0	0	0	0	0	0	0	0	0	0	1	1	1	1	1	1	0	0	0	0	0	0	
5.01	0	0	0	0	0	0	0	0	0	0	0	0	0	0	0	0.0581283	0.0581283	0.0581283	0	0	0	0	0	0	0	0	0	0	0	0	0	0	0	0	0	0	0	0	0	0	0	0	1	1	1	1	1	1	0	0	0	0	0	0	
5.0267	0	0	0	0	0	0	0	0	0	0	0	0	0	0	0	0.0598597	0.0598597	0.0598597	0	0	0	0	0	0	0	0	0	0	0	0	0	0	0	0	0	0	0	0	0	0	0	0	1	1	1	1	1	1	0	0	0	0	0	0	
5.0434	0	0	0	0	0	0	0	0	0	0	0	0	0	0	0	0.0615453	0.0615453	0.0615453	0	0	0	0	0	0	0	0	0	0	0	0	0	0	0	0	0	0	0	0	0	0	0	0	1	1	1	1	1	1	0	0	0	0	0	0	
5.0601	0	0	0	0	0	0	0	0	0	0	0	0	0	0	0	0.0631241	0.0631241	0.0631241	0	0	0	0	0	0	0	0	0	0	0	0	0	0	0	0	0	0	0	0	0	0	0	0	1	1	1	1	1	1	0	0	0	0	0	0	
5.0768	0	0	0	0	0	0	0	0	0	0	0	0	0	0	0	0.0646882	0.0646882	0.0646882	0	0	0	0	0	0	0	0	0	0	0	0	0	0	0	0	0	0	0	0	0	0	0	0	1	1	1	1	1	1	0	0	0	0	0	0	
5.0935	0	0	0	0	0	0	0	0	0	0	0	0	0	0	0	0.066069	0.066069	0.066069	0	0	0	0	0	0	0	0	0	0	0	0	0	0	0	0	0	0	0	0	0	0	0	0	1	1	1	1	1	1	0	0	0	0	0	0	
5.1102	0	0	0	0	0	0	0	0	0	0	0	0	0	0	0	0.0672366	0.0672366	0.0672366	0	0	0	0	0	0	0	0	0	0	0	0	0	0	0	0	0	0	0	0	0	0	0	0	1	1	1	1	1	1	0	0	0	0	0	0	
5.1269	0	0	0	0	0	0	0	0	0	0	0	0	0	0	0	0.0682137	0.0682137	0.0682137	0	0	0	0	0	0	0	0	0	0	0	0	0	0	0	0	0	0	0	0	0	0	0	0	1	1	1	1	1	1	0	0	0	0	0	0	
5.1436	0	0	0	0	0	0	0	0	0	0	0	0	0	0	0	0.0685437	0.0685437	0.0685437	0	0	0	0	0	0	0	0	0	0	0	0	0	0	0	0	0	0	0	0	0	0	0	0	1	1	1	1	1	1	0	0	0	0	0	0	
5.1603	0	0	0	0	0	0	0	0	0	0	0	0	0	0	0	0.0682953	0.0682953	0.0682953	0	0	0	0	0	0	0	0	0	0	0	0	0	0	0	0	0	0	0	0	0	0	0	0	1	1	1	1	1	1	0	0	0	0	0	0	
5.177	0	0	0	0	0	0	0	0	0	0	0	0	0	0	0	0.0675677	0.0675677	0.0675677	0	0	0	0	0	0	0	0	0	0	0	0	0	0	0	0	0	0	0	0	0	0	0	0	1	1	1	1	1	1	0	0	0	0	0	0	
5.1937	0	0	0	0	0	0	0	0	0	0	0	0	0	0	0	0.0668362	0.0668362	0.0668362	0	0	0	0	0	0	0	0	0	0	0	0	0	0	0	0	0	0	0	0	0	0	0	0	1	1	1	1	1	1	0	0	0	0	0	0	
5.2104	0	0	0	0	0	0	0	0	0	0	0	0	0	0	0	0.0665066	0.0665066	0.0665066	0	0	0	0	0	0	0	0	0	0	0	0	0	0	0	0	0	0	0	0	0	0	0	0	1	1	1	1	1	1	0	0	0	0	0	0	
5.2271	0	0	0	0	0	0	0	0	0	0	0	0	0	0	0	0.0664849	0.0664849	0.0664849	0	0	0	0	0	0	0	0	0	0	0	0	0	0	0	0	0	0	0	0	0	0	0	0	1	1	1	1	1	1	0	0	0	0	0	0	
5.2438	0	0	0	0	0	0	0	0	0	0	0	0	0	0	0	0.0665227	0.0665227	0.0665227	0	0	0	0	0	0	0	0	0	0	0	0	0	0	0	0	0	0	0	0	0	0	0	0	1	1	1	1	1	1	0	0	0	0	0	0	
5.2605	0	0	0	0	0	0	0	0	0	0	0	0	0	0	0	0.0659234	0.0659234	0.0659234	0	0	0	0	0	0	0	0	0	0	0	0	0	0	0	0	0	0	0	0	0	0	0	0	1	1	1	1	1	1	0	0	0	0	0	0	
5.2772	0	0	0	0	0	0	0	0	0	0	0	0	0	0	0	0.0651794	0.0651794	0.0651794	0	0	0	0	0	0	0	0	0	0	0	0	0	0	0	0	0	0	0	0	0	0	0	0	1	1	1	1	1	1	0	0	0	0	0	0	
5.2939	0	0	0	0	0	0	0	0	0	0	0	0	0	0	0	0.0639454	0.0639454	0.0639454	0	0	0	0	0	0	0	0	0	0	0	0	0	0	0	0	0	0	0	0	0	0	0	0	1	1	1	1	1	1	0	0	0	0	0	0	
5.3106	0	0	0	0	0	0	0	0	0	0	0	0	0	0	0	0.0626278	0.0626278	0.0626278	0	0	0	0	0	0	0	0	0	0	0	0	0	0	0	0	0	0	0	0	0	0	0	0	1	1	1	1	1	1	0	0	0	0	0	0	
5.3273	0	0	0	0	0	0	0	0	0	0	0	0	0	0	0	0.0610073	0.0610073	0.0610073	0	0	0	0	0	0	0	0	0	0	0	0	0	0	0	0	0	0	0	0	0	0	0	0	1	1	1	1	1	1	0	0	0	0	0	0	
5.344	0	0	0	0	0	0	0	0	0	0	0	0	0	0	0	0.059801	0.059801	0.059801	0	0	0	0	0	0	0	0	0	0	0	0	0	0	0	0	0	0	0	0	0	0	0	0	1	1	1	1	1	1	0	0	0	0	0	0	
5.3607	0	0	0	0	0	0	0	0	0	0	0	0	0	0	0	0.0590969	0.0590969	0.0590969	0	0	0	0	0	0	0	0	0	0	0	0	0	0	0	0	0	0	0	0	0	0	0	0	1	1	1	1	1	1	0	0	0	0	0	0	
5.3774	0	0	0	0	0	0	0	0	0	0	0	0	0	0	0	0.0592136	0.0592136	0.0592136	0	0	0	0	0	0	0	0	0	0	0	0	0	0	0	0	0	0	0	0	0	0	0	0	1	1	1	1	1	1	0	0	0	0	0	0	
5.3941	0	0	0	0	0	0	0	0	0	0	0	0	0	0	0	0.0602305	0.0602305	0.0602305	0	0	0	0	0	0	0	0	0	0	0	0	0	0	0	0	0	0	0	0	0	0	0	0	1	1	1	1	1	1	0	0	0	0	0	0	
5.4108	0	0	0	0	0	0	0	0	0	0	0	0	0	0	0	0.0617531	0.0617531	0.0617531	0	0	0	0	0	0	0	0	0	0	0	0	0	0	0	0	0	0	0	0	0	0	0	0	1	1	1	1	1	1	0	0	0	0	0	0	
5.4275	0	0	0	0	0	0	0	0	0	0	0	0	0	0	0	0.0639262	0.0639262	0.0639262	0	0	0	0	0	0	0	0	0	0	0	0	0	0	0	0	0	0	0	0	0	0	0	0	1	1	1	1	1	1	0	0	0	0	0	0	
5.4442	0	0	0	0	0	0	0	0	0	0	0	0	0	0	0	0.0666371	0.0666371	0.0666371	0	0	0	0	0	0	0	0	0	0	0	0	0	0	0	0	0	0	0	0	0	0	0	0	1	1	1	1	1	1	0	0	0	0	0	0	
5.4609	0	0	0	0	0	0	0	0	0	0	0	0	0	0	0	0.0694901	0.0694901	0.0694901	0	0	0	0	0	0	0	0	0	0	0	0	0	0	0	0	0	0	0	0	0	0	0	0	1	1	1	1	1	1	0	0	0	0	0	0	
5.4776	0	0	0	0	0	0	0	0	0	0	0	0	0	0	0	0.0723377	0.0723377	0.0723377	0	0	0	0	0	0	0	0	0	0	0	0	0	0	0	0	0	0	0	0	0	0	0	0	1	1	1	1	1	1	0	0	0	0	0	0	
5.4943	0	0	0	0	0	0	0	0	0	0	0	0	0	0	0	0.0751186	0.0751186	0.0751186	0	0	0	0	0	0	0	0	0	0	0	0	0	0	0	0	0	0	0	0	0	0	0	0	1	1	1	1	1	1	0	0	0	0	0	0	
5.511	0	0	0	0	0	0	0	0	0	0	0	0	0	0	0	0.0775273	0.0775273	0.0775273	0	0	0	0	0	0	0	0	0	0	0	0	0	0	0	0	0	0	0	0	0	0	0	0	1	1	1	1	1	1	0	0	0	0	0	0	
5.5277	0	0	0	0	0	0	0	0	0	0	0	0	0	0	0	0.0795012	0.0795012	0.0795012	0	0	0	0	0	0	0	0	0	0	0	0	0	0	0	0	0	0	0	0	0	0	0	0	1	1	1	1	1	1	0	0	0	0	0	0	
5.5444	0	0	0	0	0	0	0	0	0	0	0	0	0	0	0	0.0808243	0.0808243	0.0808243	0	0	0	0	0	0	0	0	0	0	0	0	0	0	0	0	0	0	0	0	0	0	0	0	1	1	1	1	1	1	0	0	0	0	0	0	
5.5611	0	0	0	0	0	0	0	0	0	0	0	0	0	0	0	0.0815686	0.0815686	0.0815686	0	0	0	0	0	0	0	0	0	0	0	0	0	0	0	0	0	0	0	0	0	0	0	0	1	1	1	1	1	1	0	0	0	0	0	0	
5.5778	0	0	0	0	0	0	0	0	0	0	0	0	0	0	0	0.0817483	0.0817483	0.0817483	0	0	0	0	0	0	0	0	0	0	0	0	0	0	0	0	0	0	0	0	0	0	0	0	1	1	1	1	1	1	0	0	0	0	0	0	
5.5945	0	0	0	0	0	0	0	0	0	0	0	0	0	0	0	0.0811812	0.0811812	0.0811812	0	0	0	0	0	0	0	0	0	0	0	0	0	0	0	0	0	0	0	0	0	0	0	0	1	1	1	1	1	1	0	0	0	0	0	0	
5.6112	0	0	0	0	0	0	0	0	0	0	0	0	0	0	0	0.0800803	0.0800803	0.0800803	0	0	0	0	0	0	0	0	0	0	0	0	0	0	0	0	0	0	0	0	0	0	0	0	1	1	1	1	1	1	0	0	0	0	0	0	
5.6279	0	0	0	0	0	0	0	0	0	0	0	0	0	0	0	0.0785479	0.0785479	0.0785479	0	0	0	0	0	0	0	0	0	0	0	0	0	0	0	0	0	0	0	0	0	0	0	0	1	1	1	1	1	1	0	0	0	0	0	0	
5.6446	0	0	0	0	0	0	0	0	0	0	0	0	0	0	0	0.0765177	0.0765177	0.0765177	0	0	0	0	0	0	0	0	0	0	0	0	0	0	0	0	0	0	0	0	0	0	0	0	1	1	1	1	1	1	0	0	0	0	0	0	
5.6613	0	0	0	0	0	0	0	0	0	0	0	0	0	0	0	0.0739695	0.0739695	0.0739695	0	0	0	0	0	0	0	0	0	0	0	0	0	0	0	0	0	0	0	0	0	0	0	0	1	1	1	1	1	1	0	0	0	0	0	0	
5.678	0	0	0	0	0	0	0	0	0	0	0	0	0	0	0	0.0709788	0.0709788	0.0709788	0	0	0	0	0	0	0	0	0	0	0	0	0	0	0	0	0	0	0	0	0	0	0	0	1	1	1	1	1	1	0	0	0	0	0	0	
5.6947	0	0	0	0	0	0	0	0	0	0	0	0	0	0	0	0.0675819	0.0675819	0.0675819	0	0	0	0	0	0	0	0	0	0	0	0	0	0	0	0	0	0	0	0	0	0	0	0	1	1	1	1	1	1	0	0	0	0	0	0	
5.7114	0	0	0	0	0	0	0	0	0	0	0	0	0	0	0	0.0638662	0.0638662	0.0638662	0	0	0	0	0	0	0	0	0	0	0	0	0	0	0	0	0	0	0	0	0	0	0	0	1	1	1	1	1	1	0	0	0	0	0	0	
5.7281	0	0	0	0	0	0	0	0	0	0	0	0	0	0	0	0.0598061	0.0598061	0.0598061	0	0	0	0	0	0	0	0	0	0	0	0	0	0	0	0	0	0	0	0	0	0	0	0	1	1	1	1	1	1	0	0	0	0	0	0	
5.7448	0	0	0	0	0	0	0	0	0	0	0	0	0	0	0	0.0553721	0.0553721	0.0553721	0	0	0	0	0	0	0	0	0	0	0	0	0	0	0	0	0	0	0	0	0	0	0	0	1	1	1	1	1	1	0	0	0	0	0	0	
5.7615	0	0	0	0	0	0	0	0	0	0	0	0	0	0	0	0.0506122	0.0506122	0.0506122	0	0	0	0	0	0	0	0	0	0	0	0	0	0	0	0	0	0	0	0	0	0	0	0	1	1	1	1	1	1	0	0	0	0	0	0	
5.7782	0	0	0	0	0	0	0	0	0	0	0	0	0	0	0	0.0454376	0.0454376	0.0454376	0	0	0	0	0	0	0	0	0	0	0	0	0	0	0	0	0	0	0	0	0	0	0	0	1	1	1	1	1	1	0	0	0	0	0	0	
5.7949	0	0	0	0	0	0	0	0	0	0	0	0	0	0	0	0.0398123	0.0398123	0.0398123	0	0	0	0	0	0	0	0	0	0	0	0	0	0	0	0	0	0	0	0	0	0	0	0	1	1	1	1	1	1	0	0	0	0	0	0	
5.8116	0	0	0	0	0	0	0	0	0	0	0	0	0	0	0	0.033477	0.033477	0.033477	0	0	0	0	0	0	0	0	0	0	0	0	0	0	0	0	0	0	0	0	0	0	0	0	1	1	1	1	1	1	0	0	0	0	0	0	
5.8283	0	0	0	0	0	0	0	0	0	0	0	0	0	0	0	0.0268577	0.0268577	0.0268577	0	0	0	0	0	0	0	0	0	0	0	0	0	0	0	0	0	0	0	0	0	0	0	0	1	1	1	1	1	1	0	0	0	0	0	0	
5.845	0	0	0	0	0	0	0	0	0	0	0	0	0	0	0	0.0203119	0.0203119	0.0203119	0	0	0	0	0	0	0	0	0	0	0	0	0	0	0	0	0	0	0	0	0	0	0	0	1	1	1	1	1	1	0	0	0	0	0	0	
5.8617	0	0	0	0	0	0	0	0	0	0	0	0	0	0	0	0.0138626	0.0138626	0.0138626	0	0	0	0	0	0	0	0	0	0	0	0	0	0	0	0	0	0	0	0	0	0	0	0	1	1	1	1	1	1	0	0	0	0	0	0	
5.8784	0	0	0	0	0	0	0	0	0	0	0	0	0	0	0	0.00747514	0.00747514	0.00747514	0	0	0	0	0	0	0	0	0	0	0	0	0	0	0	0	0	0	0	0	0	0	0	0	1	1	1	1	1	1	0	0	0	0	0	0	
5.8951	0	0	0	0	0	0	0	0	0	0	0	0	0	0	0	0.00132249	0.00132249	0.00132249	0	0	0	0	0	0	0	0	0	0	0	0	0	0	0	0	0	0	0	0	0	0	0	0	1	1	1	1	1	1	0	0	0	0	0	0	
5.9118	0	0	0	0	0	0	0	0	0	0	0	0	0.00464895	0.00464895	0.00464895	0	0	0	0	0	0	0	0	0	0	0	0	0	0	0	0	0	0	0	0	0	0	0	0	0	0	0	1	1	1	1	1	1	0	0	0	0	0	0	
5.9285	0	0	0	0	0	0	0	0	0	0	0	0	0.0104266	0.0104266	0.0104266	0	0	0	0	0	0	0	0	0	0	0	0	0	0	0	0	0	0	0	0	0	0	0	0	0	0	0	1	1	1	1	1	1	0	0	0	0	0	0	
5.9452	0	0	0	0	0	0	0	0	0	0	0	0	0.0162113	0.0162113	0.0162113	0	0	0	0	0	0	0	0	0	0	0	0	0	0	0	0	0	0	0	0	0	0	0	0	0	0	0	1	1	1	1	1	1	0	0	0	0	0	0	
5.9619	0	0	0	0	0	0	0	0	0	0	0	0	0.0218294	0.0218294	0.0218294	0	0	0	0	0	0	0	0	0	0	0	0	0	0	0	0	0	0	0	0	0	0	0	0	0	0	0	1	1	1	1	1	1	0	0	0	0	0	0	
5.9786	0	0	0	0	0	0	0	0	0	0	0	0	0.0273084	0.0273084	0.0273084	0	0	0	0	0	0	0	0	0	0	0	0	0	0	0	0	0	0	0	0	0	0	0	0	0	0	0	1	1	1	1	1	1	0	0	0	0	0	0	
5.9953	0	0	0	0	0	0	0	0	0	0	0	0	0.0325176	0.0325176	0.0325176	0	0	0	0	0	0	0	0	0	0	0	0	0	0	0	0	0	0	0	0	0	0	0	0	0	0	0	1	1	1	1	1	1	0	0	0	0	0	0	
6.012	0	0	0	0	0	0	0	0	0	0	0	0	0.0375372	0.0375372	0.0375372	0	0	0	0	0	0	0	0	0	0	0	0	0	0	0	0	0	0	0	0	0	0	0	0	0	0	0	1	1	1	1	1	1	0	0	0	0	0	0	
6.0287	0	0	0	0	0	0	0	0	0	0	0	0	0.0421038	0.0421038	0.0421038	0	0	0	0	0	0	0	0	0	0	0	0	0	0	0	0	0	0	0	0	0	0	0	0	0	0	0	1	1	1	1	1	1	0	0	0	0	0	0	
6.0454	0	0	0	0	0	0	0	0	0	0	0	0	0.0464656	0.0464656	0.0464656	0	0	0	0	0	0	0	0	0	0	0	0	0	0	0	0	0	0	0	0	0	0	0	0	0	0	0	1	1	1	1	1	1	0	0	0	0	0	0	
6.0621	0	0	0	0	0	0	0	0	0	0	0	0	0.0503628	0.0503628	0.0503628	0	0	0	0	0	0	0	0	0	0	0	0	0	0	0	0	0	0	0	0	0	0	0	0	0	0	0	1	1	1	1	1	1	0	0	0	0	0	0	
6.0788	0	0	0	0	0	0	0	0	0	0	0	0	0.0540535	0.0540535	0.0540535	0	0	0	0	0	0	0	0	0	0	0	0	0	0	0	0	0	0	0	0	0	0	0	0	0	0	0	1	1	1	1	1	1	0	0	0	0	0	0	
6.0955	0	0	0	0	0	0	0	0	0	0	0	0	0.0572507	0.0572507	0.0572507	0	0	0	0	0	0	0	0	0	0	0	0	0	0	0	0	0	0	0	0	0	0	0	0	0	0	0	1	1	1	1	1	1	0	0	0	0	0	0	
6.1122	0	0	0	0	0	0	0	0	0	0	0	0	0.0601912	0.0601912	0.0601912	0	0	0	0	0	0	0	0	0	0	0	0	0	0	0	0	0	0	0	0	0	0	0	0	0	0	0	1	1	1	1	1	1	0	0	0	0	0	0	
6.1289	0	0	0	0	0	0	0	0	0	0	0	0	0.062517	0.062517	0.062517	0	0	0	0	0	0	0	0	0	0	0	0	0	0	0	0	0	0	0	0	0	0	0	0	0	0	0	1	1	1	1	1	1	0	0	0	0	0	0	
6.1456	0	0	0	0	0	0	0	0	0	0	0	0	0.0645177	0.0645177	0.0645177	0	0	0	0	0	0	0	0	0	0	0	0	0	0	0	0	0	0	0	0	0	0	0	0	0	0	0	1	1	1	1	1	1	0	0	0	0	0	0	
6.1623	0	0	0	0	0	0	0	0	0	0	0	0	0.0666619	0.0666619	0.0666619	0	0	0	0	0	0	0	0	0	0	0	0	0	0	0	0	0	0	0	0	0	0	0	0	0	0	0	1	1	1	1	1	1	0	0	0	0	0	0	
6.179	0	0	0	0	0	0	0	0	0	0	0	0	0.0689625	0.0689625	0.0689625	0	0	0	0	0	0	0	0	0	0	0	0	0	0	0	0	0	0	0	0	0	0	0	0	0	0	0	1	1	1	1	1	1	0	0	0	0	0	0	
6.1957	0	0	0	0	0	0	0	0	0	0	0	0	0.071281	0.071281	0.071281	0	0	0	0	0	0	0	0	0	0	0	0	0	0	0	0	0	0	0	0	0	0	0	0	0	0	0	1	1	1	1	1	1	0	0	0	0	0	0	
6.2124	0	0	0	0	0	0	0	0	0	0	0	0	0.0735671	0.0735671	0.0735671	0	0	0	0	0	0	0	0	0	0	0	0	0	0	0	0	0	0	0	0	0	0	0	0	0	0	0	1	1	1	1	1	1	0	0	0	0	0	0	
6.2291	0	0	0	0	0	0	0	0	0	0	0	0	0.0756304	0.0756304	0.0756304	0	0	0	0	0	0	0	0	0	0	0	0	0	0	0	0	0	0	0	0	0	0	0	0	0	0	0	1	1	1	1	1	1	0	0	0	0	0	0	
6.2458	0	0	0	0	0	0	0	0	0	0	0	0	0.0774544	0.0774544	0.0774544	0	0	0	0	0	0	0	0	0	0	0	0	0	0	0	0	0	0	0	0	0	0	0	0	0	0	0	1	1	1	1	1	1	0	0	0	0	0	0	
6.2625	0	0	0	0	0	0	0	0	0	0	0	0	0.0791012	0.0791012	0.0791012	0	0	0	0	0	0	0	0	0	0	0	0	0	0	0	0	0	0	0	0	0	0	0	0	0	0	0	1	1	1	1	1	1	0	0	0	0	0	0	
6.2792	0	0	0	0	0	0	0	0	0	0	0	0	0.0803343	0.0803343	0.0803343	0	0	0	0	0	0	0	0	0	0	0	0	0	0	0	0	0	0	0	0	0	0	0	0	0	0	0	1	1	1	1	1	1	0	0	0	0	0	0	
6.2959	0	0	0	0	0	0	0	0	0	0	0	0	0.080692	0.080692	0.080692	0	0	0	0	0	0	0	0	0	0	0	0	0	0	0	0	0	0	0	0	0	0	0	0	0	0	0	1	1	1	1	1	1	0	0	0	0	0	0	
6.3126	0	0	0	0	0	0	0	0	0	0	0	0	0.0802113	0.0802113	0.0802113	0	0	0	0	0	0	0	0	0	0	0	0	0	0	0	0	0	0	0	0	0	0	0	0	0	0	0	1	1	1	1	1	1	0	0	0	0	0	0	
6.3293	0	0	0	0	0	0	0	0	0	0	0	0	0.0794097	0.0794097	0.0794097	0	0	0	0	0	0	0	0	0	0	0	0	0	0	0	0	0	0	0	0	0	0	0	0	0	0	0	1	1	1	1	1	1	0	0	0	0	0	0	
6.346	0	0	0	0	0	0	0	0	0	0	0	0	0.0782893	0.0782893	0.0782893	0	0	0	0	0	0	0	0	0	0	0	0	0	0	0	0	0	0	0	0	0	0	0	0	0	0	0	1	1	1	1	1	1	0	0	0	0	0	0	
6.3627	0	0	0	0	0	0	0	0	0	0	0	0	0.0769669	0.0769669	0.0769669	0	0	0	0	0	0	0	0	0	0	0	0	0	0	0	0	0	0	0	0	0	0	0	0	0	0	0	1	1	1	1	1	1	0	0	0	0	0	0	
6.3794	0	0	0	0	0	0	0	0	0	0	0	0	0.0753154	0.0753154	0.0753154	0	0	0	0	0	0	0	0	0	0	0	0	0	0	0	0	0	0	0	0	0	0	0	0	0	0	0	1	1	1	1	1	1	0	0	0	0	0	0	
6.3961	0	0	0	0	0	0	0	0	0	0	0	0	0.0732595	0.0732595	0.0732595	0	0	0	0	0	0	0	0	0	0	0	0	0	0	0	0	0	0	0	0	0	0	0	0	0	0	0	1	1	1	1	1	1	0	0	0	0	0	0	
6.4128	0	0	0	0	0	0	0	0	0	0	0	0	0.0711219	0.0711219	0.0711219	0	0	0	0	0	0	0	0	0	0	0	0	0	0	0	0	0	0	0	0	0	0	0	0	0	0	0	1	1	1	1	1	1	0	0	0	0	0	0	
6.4295	0	0	0	0	0	0	0	0	0	0	0	0	0.0688854	0.0688854	0.0688854	0	0	0	0	0	0	0	0	0	0	0	0	0	0	0	0	0	0	0	0	0	0	0	0	0	0	0	1	1	1	1	1	1	0	0	0	0	0	0	
6.4462	0	0	0	0	0	0	0	0	0	0	0	0	0.0670464	0.0670464	0.0670464	0	0	0	0	0	0	0	0	0	0	0	0	0	0	0	0	0	0	0	0	0	0	0	0	0	0	0	1	1	1	1	1	1	0	0	0	0	0	0	
6.4629	0	0	0	0	0	0	0	0	0	0	0	0	0.0656581	0.0656581	0.0656581	0	0	0	0	0	0	0	0	0	0	0	0	0	0	0	0	0	0	0	0	0	0	0	0	0	0	0	1	1	1	1	1	1	0	0	0	0	0	0	
6.4796	0	0	0	0	0	0	0	0	0	0	0	0	0.0650811	0.0650811	0.0650811	0	0	0	0	0	0	0	0	0	0	0	0	0	0	0	0	0	0	0	0	0	0	0	0	0	0	0	1	1	1	1	1	1	0	0	0	0	0	0	
6.4963	0	0	0	0	0	0	0	0	0	0	0	0	0.065284	0.065284	0.065284	0	0	0	0	0	0	0	0	0	0	0	0	0	0	0	0	0	0	0	0	0	0	0	0	0	0	0	1	1	1	1	1	1	0	0	0	0	0	0	
6.513	0	0	0	0	0	0	0	0	0	0	0	0	0.0662707	0.0662707	0.0662707	0	0	0	0	0	0	0	0	0	0	0	0	0	0	0	0	0	0	0	0	0	0	0	0	0	0	0	1	1	1	1	1	1	0	0	0	0	0	0	
6.5297	0	0	0	0	0	0	0	0	0	0	0	0	0.067806	0.067806	0.067806	0	0	0	0	0	0	0	0	0	0	0	0	0	0	0	0	0	0	0	0	0	0	0	0	0	0	0	1	1	1	1	1	1	0	0	0	0	0	0	
6.5464	0	0	0	0	0	0	0	0	0	0	0	0	0.0699791	0.0699791	0.0699791	0	0	0	0	0	0	0	0	0	0	0	0	0	0	0	0	0	0	0	0	0	0	0	0	0	0	0	1	1	1	1	1	1	0	0	0	0	0	0	
6.5631	0	0	0	0	0	0	0	0	0	0	0	0	0.0723131	0.0723131	0.0723131	0	0	0	0	0	0	0	0	0	0	0	0	0	0	0	0	0	0	0	0	0	0	0	0	0	0	0	1	1	1	1	1	1	0	0	0	0	0	0	
6.5798	0	0	0	0	0	0	0	0	0	0	0	0	0.0746104	0.0746104	0.0746104	0	0	0	0	0	0	0	0	0	0	0	0	0	0	0	0	0	0	0	0	0	0	0	0	0	0	0	1	1	1	1	1	1	0	0	0	0	0	0	
6.5965	0	0	0	0	0	0	0	0	0	0	0	0	0.076827	0.076827	0.076827	0	0	0	0	0	0	0	0	0	0	0	0	0	0	0	0	0	0	0	0	0	0	0	0	0	0	0	1	1	1	1	1	1	0	0	0	0	0	0	
6.6132	0	0	0	0	0	0	0	0	0	0	0	0	0.0787463	0.0787463	0.0787463	0	0	0	0	0	0	0	0	0	0	0	0	0	0	0	0	0	0	0	0	0	0	0	0	0	0	0	1	1	1	1	1	1	0	0	0	0	0	0	
6.6299	0	0	0	0	0	0	0	0	0	0	0	0	0.0802837	0.0802837	0.0802837	0	0	0	0	0	0	0	0	0	0	0	0	0	0	0	0	0	0	0	0	0	0	0	0	0	0	0	1	1	1	1	1	1	0	0	0	0	0	0	
6.6466	0	0	0	0	0	0	0	0	0	0	0	0	0.0813315	0.0813315	0.0813315	0	0	0	0	0	0	0	0	0	0	0	0	0	0	0	0	0	0	0	0	0	0	0	0	0	0	0	1	1	1	1	1	1	0	0	0	0	0	0	
6.6633	0	0	0	0	0	0	0	0	0	0	0	0	0.0818661	0.0818661	0.0818661	0	0	0	0	0	0	0	0	0	0	0	0	0	0	0	0	0	0	0	0	0	0	0	0	0	0	0	1	1	1	1	1	1	0	0	0	0	0	0	
6.68	0	0	0	0	0	0	0	0	0	0	0	0	0.0819207	0.0819207	0.0819207	0	0	0	0	0	0	0	0	0	0	0	0	0	0	0	0	0	0	0	0	0	0	0	0	0	0	0	1	1	1	1	1	1	0	0	0	0	0	0	
6.6967	0	0	0	0	0	0	0	0	0	0	0	0	0.081322	0.081322	0.081322	0	0	0	0	0	0	0	0	0	0	0	0	0	0	0	0	0	0	0	0	0	0	0	0	0	0	0	1	1	1	1	1	1	0	0	0	0	0	0	
6.7134	0	0	0	0	0	0	0	0	0	0	0	0	0.0800734	0.0800734	0.0800734	0	0	0	0	0	0	0	0	0	0	0	0	0	0	0	0	0	0	0	0	0	0	0	0	0	0	0	1	1	1	1	1	1	0	0	0	0	0	0	
6.7301	0	0	0	0	0	0	0	0	0	0	0	0	0.0782341	0.0782341	0.0782341	0	0	0	0	0	0	0	0	0	0	0	0	0	0	0	0	0	0	0	0	0	0	0	0	0	0	0	1	1	1	1	1	1	0	0	0	0	0	0	
6.7468	0	0	0	0	0	0	0	0	0	0	0	0	0.0759175	0.0759175	0.0759175	0	0	0	0	0	0	0	0	0	0	0	0	0	0	0	0	0	0	0	0	0	0	0	0	0	0	0	1	1	1	1	1	1	0	0	0	0	0	0	
6.7635	0	0	0	0	0	0	0	0	0	0	0	0	0.0730861	0.0730861	0.0730861	0	0	0	0	0	0	0	0	0	0	0	0	0	0	0	0	0	0	0	0	0	0	0	0	0	0	0	1	1	1	1	1	1	0	0	0	0	0	0	
6.7802	0	0	0	0	0	0	0	0	0	0	0	0	0.0698419	0.0698419	0.0698419	0	0	0	0	0	0	0	0	0	0	0	0	0	0	0	0	0	0	0	0	0	0	0	0	0	0	0	1	1	1	1	1	1	0	0	0	0	0	0	
6.7969	0	0	0	0	0	0	0	0	0	0	0	0	0.066193	0.066193	0.066193	0	0	0	0	0	0	0	0	0	0	0	0	0	0	0	0	0	0	0	0	0	0	0	0	0	0	0	1	1	1	1	1	1	0	0	0	0	0	0	
6.8136	0	0	0	0	0	0	0	0	0	0	0	0	0.0621222	0.0621222	0.0621222	0	0	0	0	0	0	0	0	0	0	0	0	0	0	0	0	0	0	0	0	0	0	0	0	0	0	0	1	1	1	1	1	1	0	0	0	0	0	0	
6.8303	0	0	0	0	0	0	0	0	0	0	0	0	0.0577864	0.0577864	0.0577864	0	0	0	0	0	0	0	0	0	0	0	0	0	0	0	0	0	0	0	0	0	0	0	0	0	0	0	1	1	1	1	1	1	0	0	0	0	0	0	
6.847	0	0	0	0	0	0	0	0	0	0	0	0	0.0532095	0.0532095	0.0532095	0	0	0	0	0	0	0	0	0	0	0	0	0	0	0	0	0	0	0	0	0	0	0	0	0	0	0	1	1	1	1	1	1	0	0	0	0	0	0	
6.8637	0	0	0	0	0	0	0	0	0	0	0	0	0.0483287	0.0483287	0.0483287	0	0	0	0	0	0	0	0	0	0	0	0	0	0	0	0	0	0	0	0	0	0	0	0	0	0	0	1	1	1	1	1	1	0	0	0	0	0	0	
6.8804	0	0	0	0	0	0	0	0	0	0	0	0	0.0432034	0.0432034	0.0432034	0	0	0	0	0	0	0	0	0	0	0	0	0	0	0	0	0	0	0	0	0	0	0	0	0	0	0	1	1	1	1	1	1	0	0	0	0	0	0	
6.8971	0	0	0	0	0	0	0	0	0	0	0	0	0.0377907	0.0377907	0.0377907	0	0	0	0	0	0	0	0	0	0	0	0	0	0	0	0	0	0	0	0	0	0	0	0	0	0	0	1	1	1	1	1	1	0	0	0	0	0	0	
6.9138	0	0	0	0	0	0	0	0	0	0	0	0	0.0321104	0.0321104	0.0321104	0	0	0	0	0	0	0	0	0	0	0	0	0	0	0	0	0	0	0	0	0	0	0	0	0	0	0	1	1	1	1	1	1	0	0	0	0	0	0	
6.9305	0	0	0	0	0	0	0	0	0	0	0	0	0.0264608	0.0264608	0.0264608	0	0	0	0	0	0	0	0	0	0	0	0	0	0	0	0	0	0	0	0	0	0	0	0	0	0	0	1	1	1	1	1	1	0	0	0	0	0	0	
6.9472	0	0	0	0	0	0	0	0	0	0	0	0	0.0208673	0.0208673	0.0208673	0	0	0	0	0	0	0	0	0	0	0	0	0	0	0	0	0	0	0	0	0	0	0	0	0	0	0	1	1	1	1	1	1	0	0	0	0	0	0	
6.9639	0	0	0	0	0	0	0	0	0	0	0	0	0.0153134	0.0153134	0.0153134	0	0	0	0	0	0	0	0	0	0	0	0	0	0	0	0	0	0	0	0	0	0	0	0	0	0	0	1	1	1	1	1	1	0	0	0	0	0	0	
6.9806	0	0	0	0	0	0	0	0	0	0	0	0	0.0100398	0.0100398	0.0100398	0	0	0	0	0	0	0	0	0	0	0	0	0	0	0	0	0	0	0	0	0	0	0	0	0	0	0	1	1	1	1	1	1	0	0	0	0	0	0	
6.9973	0	0	0	0	0	0	0	0	0	0	0	0	0.00520812	0.00520812	0.00520812	0	0	0	0	0	0	0	0	0	0	0	0	0	0	0	0	0	0	0	0	0	0	0	0	0	0	0	1	1	1	1	1	1	0	0	0	0	0	0	
7.014	0	0	0	0	0	0	0	0	0	0	0	0	0.000751339	0.000751339	0.000751339	0	0	0	0	0	0	0	0	0	0	0	0	0	0	0	0	0	0	0	0	0	0	0	0	0	0	0	1	1	1	1	1	1	0	0	0	0	0	0	
7.0307	0	0	0	0	0	0	0	0	0	0	0	0	0	0	0	0.00339759	0.00339759	0.00339759	0	0	0	0	0	0	0	0	0	0	0	0	0	0	0	0	0	0	0	0	0	0	0	0	1	1	1	1	1	1	0	0	0	0	0	0	
7.0474	0	0	0	0	0	0	0	0	0	0	0	0	0	0	0	0.00738629	0.00738629	0.00738629	0	0	0	0	0	0	0	0	0	0	0	0	0	0	0	0	0	0	0	0	0	0	0	0	1	1	1	1	1	1	0	0	0	0	0	0	
7.0641	0	0	0	0	0	0	0	0	0	0	0	0	0	0	0	0.0114048	0.0114048	0.0114048	0	0	0	0	0	0	0	0	0	0	0	0	0	0	0	0	0	0	0	0	0	0	0	0	1	1	1	1	1	1	0	0	0	0	0	0	
7.0808	0	0	0	0	0	0	0	0	0	0	0	0	0	0	0	0.0155664	0.0155664	0.0155664	0	0	0	0	0	0	0	0	0	0	0	0	0	0	0	0	0	0	0	0	0	0	0	0	1	1	1	1	1	1	0	0	0	0	0	0	
7.0975	0	0	0	0	0	0	0	0	0	0	0	0	0	0	0	0.0198799	0.0198799	0.0198799	0	0	0	0	0	0	0	0	0	0	0	0	0	0	0	0	0	0	0	0	0	0	0	0	1	1	1	1	1	1	0	0	0	0	0	0	
7.1142	0	0	0	0	0	0	0	0	0	0	0	0	0	0	0	0.0242896	0.0242896	0.0242896	0	0	0	0	0	0	0	0	0	0	0	0	0	0	0	0	0	0	0	0	0	0	0	0	1	1	1	1	1	1	0	0	0	0	0	0	
7.1309	0	0	0	0	0	0	0	0	0	0	0	0	0	0	0	0.0286224	0.0286224	0.0286224	0	0	0	0	0	0	0	0	0	0	0	0	0	0	0	0	0	0	0	0	0	0	0	0	1	1	1	1	1	1	0	0	0	0	0	0	
7.1476	0	0	0	0	0	0	0	0	0	0	0	0	0	0	0	0.0327823	0.0327823	0.0327823	0	0	0	0	0	0	0	0	0	0	0	0	0	0	0	0	0	0	0	0	0	0	0	0	1	1	1	1	1	1	0	0	0	0	0	0	
7.1643	0	0	0	0	0	0	0	0	0	0	0	0	0	0	0	0.037093	0.037093	0.037093	0	0	0	0	0	0	0	0	0	0	0	0	0	0	0	0	0	0	0	0	0	0	0	0	1	1	1	1	1	1	0	0	0	0	0	0	
7.181	0	0	0	0	0	0	0	0	0	0	0	0	0	0	0	0.0413154	0.0413154	0.0413154	0	0	0	0	0	0	0	0	0	0	0	0	0	0	0	0	0	0	0	0	0	0	0	0	1	1	1	1	1	1	0	0	0	0	0	0	
7.1977	0	0	0	0	0	0	0	0	0	0	0	0	0	0	0	0.0454245	0.0454245	0.0454245	0	0	0	0	0	0	0	0	0	0	0	0	0	0	0	0	0	0	0	0	0	0	0	0	1	1	1	1	1	1	0	0	0	0	0	0	
7.2144	0	0	0	0	0	0	0	0	0	0	0	0	0	0	0	0.0495911	0.0495911	0.0495911	0	0	0	0	0	0	0	0	0	0	0	0	0	0	0	0	0	0	0	0	0	0	0	0	1	1	1	1	1	1	0	0	0	0	0	0	
7.2311	0	0	0	0	0	0	0	0	0	0	0	0	0	0	0	0.0539313	0.0539313	0.0539313	0	0	0	0	0	0	0	0	0	0	0	0	0	0	0	0	0	0	0	0	0	0	0	0	1	1	1	1	1	1	0	0	0	0	0	0	
7.2478	0	0	0	0	0	0	0	0	0	0	0	0	0	0	0	0.0579965	0.0579965	0.0579965	0	0	0	0	0	0	0	0	0	0	0	0	0	0	0	0	0	0	0	0	0	0	0	0	1	1	1	1	1	1	0	0	0	0	0	0	
7.2645	0	0	0	0	0	0	0	0	0	0	0	0	0	0	0	0.0612209	0.0612209	0.0612209	0	0	0	0	0	0	0	0	0	0	0	0	0	0	0	0	0	0	0	0	0	0	0	0	1	1	1	1	1	1	0	0	0	0	0	0	
7.2812	0	0	0	0	0	0	0	0	0	0	0	0	0	0	0	0.0638159	0.0638159	0.0638159	0	0	0	0	0	0	0	0	0	0	0	0	0	0	0	0	0	0	0	0	0	0	0	0	1	1	1	1	1	1	0	0	0	0	0	0	
7.2979	0	0	0	0	0	0	0	0	0	0	0	0	0	0	0	0.0662972	0.0662972	0.0662972	0	0	0	0	0	0	0	0	0	0	0	0	0	0	0	0	0	0	0	0	0	0	0	0	1	1	1	1	1	1	0	0	0	0	0	0	
7.3146	0	0	0	0	0	0	0	0	0	0	0	0	0	0	0	0.0686917	0.0686917	0.0686917	0	0	0	0	0	0	0	0	0	0	0	0	0	0	0	0	0	0	0	0	0	0	0	0	1	1	1	1	1	1	0	0	0	0	0	0	
7.3313	0	0	0	0	0	0	0	0	0	0	0	0	0	0	0	0.0709872	0.0709872	0.0709872	0	0	0	0	0	0	0	0	0	0	0	0	0	0	0	0	0	0	0	0	0	0	0	0	1	1	1	1	1	1	0	0	0	0	0	0	
7.348	0	0	0	0	0	0	0	0	0	0	0	0	0	0	0	0.0730278	0.0730278	0.0730278	0	0	0	0	0	0	0	0	0	0	0	0	0	0	0	0	0	0	0	0	0	0	0	0	1	1	1	1	1	1	0	0	0	0	0	0	
7.3647	0	0	0	0	0	0	0	0	0	0	0	0	0	0	0	0.0748656	0.0748656	0.0748656	0	0	0	0	0	0	0	0	0	0	0	0	0	0	0	0	0	0	0	0	0	0	0	0	1	1	1	1	1	1	0	0	0	0	0	0	
7.3814	0	0	0	0	0	0	0	0	0	0	0	0	0	0	0	0.0763173	0.0763173	0.0763173	0	0	0	0	0	0	0	0	0	0	0	0	0	0	0	0	0	0	0	0	0	0	0	0	1	1	1	1	1	1	0	0	0	0	0	0	
7.3981	0	0	0	0	0	0	0	0	0	0	0	0	0	0	0	0.0769958	0.0769958	0.0769958	0	0	0	0	0	0	0	0	0	0	0	0	0	0	0	0	0	0	0	0	0	0	0	0	1	1	1	1	1	1	0	0	0	0	0	0	
7.4148	0	0	0	0	0	0	0	0	0	0	0	0	0	0	0	0.0769901	0.0769901	0.0769901	0	0	0	0	0	0	0	0	0	0	0	0	0	0	0	0	0	0	0	0	0	0	0	0	1	1	1	1	1	1	0	0	0	0	0	0	
7.4315	0	0	0	0	0	0	0	0	0	0	0	0	0	0	0	0.0763589	0.0763589	0.0763589	0	0	0	0	0	0	0	0	0	0	0	0	0	0	0	0	0	0	0	0	0	0	0	0	1	1	1	1	1	1	0	0	0	0	0	0	
7.4482	0	0	0	0	0	0	0	0	0	0	0	0	0	0	0	0.0756898	0.0756898	0.0756898	0	0	0	0	0	0	0	0	0	0	0	0	0	0	0	0	0	0	0	0	0	0	0	0	1	1	1	1	1	1	0	0	0	0	0	0	
7.4649	0	0	0	0	0	0	0	0	0	0	0	0	0	0	0	0.0752775	0.0752775	0.0752775	0	0	0	0	0	0	0	0	0	0	0	0	0	0	0	0	0	0	0	0	0	0	0	0	1	1	1	1	1	1	0	0	0	0	0	0	
7.4816	0	0	0	0	0	0	0	0	0	0	0	0	0	0	0	0.0751598	0.0751598	0.0751598	0	0	0	0	0	0	0	0	0	0	0	0	0	0	0	0	0	0	0	0	0	0	0	0	1	1	1	1	1	1	0	0	0	0	0	0	
7.4983	0	0	0	0	0	0	0	0	0	0	0	0	0	0	0	0.0748242	0.0748242	0.0748242	0	0	0	0	0	0	0	0	0	0	0	0	0	0	0	0	0	0	0	0	0	0	0	0	1	1	1	1	1	1	0	0	0	0	0	0	
7.515	0	0	0	0	0	0	0	0	0	0	0	0	0	0	0	0.0744748	0.0744748	0.0744748	0	0	0	0	0	0	0	0	0	0	0	0	0	0	0	0	0	0	0	0	0	0	0	0	1	1	1	1	1	1	0	0	0	0	0	0	
7.5317	0	0	0	0	0	0	0	0	0	0	0	0	0	0	0	0.0742665	0.0742665	0.0742665	0	0	0	0	0	0	0	0	0	0	0	0	0	0	0	0	0	0	0	0	0	0	0	0	1	1	1	1	1	1	0	0	0	0	0	0	
7.5484	0	0	0	0	0	0	0	0	0	0	0	0	0	0	0	0.0742679	0.0742679	0.0742679	0	0	0	0	0	0	0	0	0	0	0	0	0	0	0	0	0	0	0	0	0	0	0	0	1	1	1	1	1	1	0	0	0	0	0	0	
7.5651	0	0	0	0	0	0	0	0	0	0	0	0	0	0	0	0.0744937	0.0744937	0.0744937	0	0	0	0	0	0	0	0	0	0	0	0	0	0	0	0	0	0	0	0	0	0	0	0	1	1	1	1	1	1	0	0	0	0	0	0	
7.5818	0	0	0	0	0	0	0	0	0	0	0	0	0	0	0	0.0748183	0.0748183	0.0748183	0	0	0	0	0	0	0	0	0	0	0	0	0	0	0	0	0	0	0	0	0	0	0	0	1	1	1	1	1	1	0	0	0	0	0	0	
7.5985	0	0	0	0	0	0	0	0	0	0	0	0	0	0	0	0.0748492	0.0748492	0.0748492	0	0	0	0	0	0	0	0	0	0	0	0	0	0	0	0	0	0	0	0	0	0	0	0	1	1	1	1	1	1	0	0	0	0	0	0	
7.6152	0	0	0	0	0	0	0	0	0	0	0	0	0	0	0	0.0755954	0.0755954	0.0755954	0	0	0	0	0	0	0	0	0	0	0	0	0	0	0	0	0	0	0	0	0	0	0	0	1	1	1	1	1	1	0	0	0	0	0	0	
7.6319	0	0	0	0	0	0	0	0	0	0	0	0	0	0	0	0.0771564	0.0771564	0.0771564	0	0	0	0	0	0	0	0	0	0	0	0	0	0	0	0	0	0	0	0	0	0	0	0	1	1	1	1	1	1	0	0	0	0	0	0	
7.6486	0	0	0	0	0	0	0	0	0	0	0	0	0	0	0	0.0794791	0.0794791	0.0794791	0	0	0	0	0	0	0	0	0	0	0	0	0	0	0	0	0	0	0	0	0	0	0	0	1	1	1	1	1	1	0	0	0	0	0	0	
7.6653	0	0	0	0	0	0	0	0	0	0	0	0	0	0	0	0.0824404	0.0824404	0.0824404	0	0	0	0	0	0	0	0	0	0	0	0	0	0	0	0	0	0	0	0	0	0	0	0	1	1	1	1	1	1	0	0	0	0	0	0	
7.682	0	0	0	0	0	0	0	0	0	0	0	0	0	0	0	0.0859098	0.0859098	0.0859098	0	0	0	0	0	0	0	0	0	0	0	0	0	0	0	0	0	0	0	0	0	0	0	0	1	1	1	1	1	1	0	0	0	0	0	0	
7.6987	0	0	0	0	0	0	0	0	0	0	0	0	0	0	0	0.0897254	0.0897254	0.0897254	0	0	0	0	0	0	0	0	0	0	0	0	0	0	0	0	0	0	0	0	0	0	0	0	1	1	1	1	1	1	0	0	0	0	0	0	
7.7154	0	0	0	0	0	0	0	0	0	0	0	0	0	0	0	0.0935861	0.0935861	0.0935861	0	0	0	0	0	0	0	0	0	0	0	0	0	0	0	0	0	0	0	0	0	0	0	0	1	1	1	1	1	1	0	0	0	0	0	0	
7.7321	0	0	0	0	0	0	0	0	0	0	0	0	0	0	0	0.0973429	0.0973429	0.0973429	0	0	0	0	0	0	0	0	0	0	0	0	0	0	0	0	0	0	0	0	0	0	0	0	1	1	1	1	1	1	0	0	0	0	0	0	
7.7488	0	0	0	0	0	0	0	0	0	0	0	0	0	0	0	0.100894	0.100894	0.100894	0	0	0	0	0	0	0	0	0	0	0	0	0	0	0	0	0	0	0	0	0	0	0	0	1	1	1	1	1	1	0	0	0	0	0	0	
7.7655	0	0	0	0	0	0	0	0	0	0	0	0	0	0	0	0.104169	0.104169	0.104169	0	0	0	0	0	0	0	0	0	0	0	0	0	0	0	0	0	0	0	0	0	0	0	0	1	1	1	1	1	1	0	0	0	0	0	0	
7.7822	0	0	0	0	0	0	0	0	0	0	0	0	0	0	0	0.107078	0.107078	0.107078	0	0	0	0	0	0	0	0	0	0	0	0	0	0	0	0	0	0	0	0	0	0	0	0	1	1	1	1	1	1	0	0	0	0	0	0	
7.7989	0	0	0	0	0	0	0	0	0	0	0	0	0	0	0	0.109543	0.109543	0.109543	0	0	0	0	0	0	0	0	0	0	0	0	0	0	0	0	0	0	0	0	0	0	0	0	1	1	1	1	1	1	0	0	0	0	0	0	
7.8156	0	0	0	0	0	0	0	0	0	0	0	0	0	0	0	0.111537	0.111537	0.111537	0	0	0	0	0	0	0	0	0	0	0	0	0	0	0	0	0	0	0	0	0	0	0	0	1	1	1	1	1	1	0	0	0	0	0	0	
7.8323	0	0	0	0	0	0	0	0	0	0	0	0	0	0	0	0.113014	0.113014	0.113014	0	0	0	0	0	0	0	0	0	0	0	0	0	0	0	0	0	0	0	0	0	0	0	0	1	1	1	1	1	1	0	0	0	0	0	0	
7.849	0	0	0	0	0	0	0	0	0	0	0	0	0	0	0	0.113944	0.113944	0.113944	0	0	0	0	0	0	0	0	0	0	0	0	0	0	0	0	0	0	0	0	0	0	0	0	1	1	1	1	1	1	0	0	0	0	0	0	
7.8657	0	0	0	0	0	0	0	0	0	0	0	0	0	0	0	0.114375	0.114375	0.114375	0	0	0	0	0	0	0	0	0	0	0	0	0	0	0	0	0	0	0	0	0	0	0	0	1	1	1	1	1	1	0	0	0	0	0	0	
7.8824	0	0	0	0	0	0	0	0	0	0	0	0	0	0	0	0.114316	0.114316	0.114316	0	0	0	0	0	0	0	0	0	0	0	0	0	0	0	0	0	0	0	0	0	0	0	0	1	1	1	1	1	1	0	0	0	0	0	0	
7.8991	0	0	0	0	0	0	0	0	0	0	0	0	0	0	0	0.113846	0.113846	0.113846	0	0	0	0	0	0	0	0	0	0	0	0	0	0	0	0	0	0	0	0	0	0	0	0	1	1	1	1	1	1	0	0	0	0	0	0	
7.9158	0	0	0	0	0	0	0	0	0	0	0	0	0	0	0	0.11296	0.11296	0.11296	0	0	0	0	0	0	0	0	0	0	0	0	0	0	0	0	0	0	0	0	0	0	0	0	1	1	1	1	1	1	0	0	0	0	0	0	
7.9325	0	0	0	0	0	0	0	0	0	0	0	0	0	0	0	0.111687	0.111687	0.111687	0	0	0	0	0	0	0	0	0	0	0	0	0	0	0	0	0	0	0	0	0	0	0	0	1	1	1	1	1	1	0	0	0	0	0	0	
7.9492	0	0	0	0	0	0	0	0	0	0	0	0	0	0	0	0.110059	0.110059	0.110059	0	0	0	0	0	0	0	0	0	0	0	0	0	0	0	0	0	0	0	0	0	0	0	0	1	1	1	1	1	1	0	0	0	0	0	0	
7.9659	0	0	0	0	0	0	0	0	0	0	0	0	0	0	0	0.108122	0.108122	0.108122	0	0	0	0	0	0	0	0	0	0	0	0	0	0	0	0	0	0	0	0	0	0	0	0	1	1	1	1	1	1	0	0	0	0	0	0	
